0.0 , 1.0000000000000007
1.589 , 0.960196669890563
3.178 , 0.9293483421012578
4.7669999999999995 , 0.904708742878009
6.356 , 0.8845517452394882
7.945 , 0.8677385874130884
9.534 , 0.8534877007574087
11.123000000000001 , 0.8412447554361133
12.712000000000002 , 0.8306055516473854
14.301000000000002 , 0.8212683090090286
15.890000000000002 , 0.8130030701125224
17.479000000000003 , 0.8056314632764232
19.068 , 0.7990129514610527
20.657 , 0.793035264402737
22.246 , 0.7876076001360752
23.834999999999997 , 0.7826557030023544
25.423999999999996 , 0.7781182398266894
27.012999999999995 , 0.7739440911258348
28.601999999999993 , 0.7700902982833007
30.190999999999992 , 0.7665204882533688
31.77999999999999 , 0.7632036508018152
33.36899999999999 , 0.760113179370925
34.95799999999999 , 0.7572261114217855
36.54699999999999 , 0.7545225213682282
38.13599999999999 , 0.7519850314190033
39.72499999999999 , 0.7495984143840122
41.313999999999986 , 0.7473492688358023
42.902999999999984 , 0.74522575166233
44.49199999999998 , 0.7432173564883411
46.08099999999998 , 0.7413147290175985
47.66999999999998 , 0.739509512292579
49.25899999999998 , 0.7377942163492976
50.84799999999998 , 0.7361621078822163
52.436999999999976 , 0.7346071164142554
54.025999999999975 , 0.7331237541528733
55.614999999999974 , 0.731707047251484
57.20399999999997 , 0.7303524766206799
58.79299999999997 , 0.7290559267716352
60.38199999999997 , 0.7278136414441838
61.97099999999997 , 0.7266221849891856
63.55999999999997 , 0.7254784086502364
65.14899999999997 , 0.7243794210322658
66.73799999999997 , 0.723322562160832
68.32699999999997 , 0.7223053806312366
69.91599999999997 , 0.7213256134250601
71.50499999999997 , 0.7203811680366068
73.09399999999997 , 0.719470106605606
74.68299999999996 , 0.7185906317974127
76.27199999999996 , 0.7177410742094845
77.86099999999996 , 0.7169198811144342
79.44999999999996 , 0.7161256063764957
81.03899999999996 , 0.7153569014006698
82.62799999999996 , 0.7146125069928294
84.21699999999996 , 0.7138912460252294
85.80599999999995 , 0.7131920168156518
87.39499999999995 , 0.712513787140203
88.98399999999995 , 0.7118555888098912
90.57299999999995 , 0.7112165127498021
92.16199999999995 , 0.710595704527181
93.75099999999995 , 0.7099923602812036
95.33999999999995 , 0.7094057230128235
96.92899999999995 , 0.7088350791979512
98.51799999999994 , 0.7082797556914546
100.10699999999994 , 0.7077391168931622
101.69599999999994 , 0.7072125621502758
103.28499999999994 , 0.7066995233734303
104.87399999999994 , 0.7061994628461039
106.46299999999994 , 0.7057118712092735
108.05199999999994 , 0.70523626560512
109.64099999999993 , 0.7047721879652821
111.22999999999993 , 0.7043192034306529
112.81899999999993 , 0.7038768988910382
114.40799999999993 , 0.7034448816341667
115.99699999999993 , 0.7030227780945872
117.58599999999993 , 0.7026102326939143
119.17499999999993 , 0.7022069067647094
120.76399999999992 , 0.7018124775510229
122.35299999999992 , 0.7014266372792797
123.94199999999992 , 0.7010490922937818
125.53099999999992 , 0.7006795622516284
127.11999999999992 , 0.7003177793723283
128.70899999999992 , 0.699963487737804
130.29799999999992 , 0.6996164426388738
131.88699999999992 , 0.6992764099646354
133.4759999999999 , 0.698943165631495
135.0649999999999 , 0.6986164950488591
136.6539999999999 , 0.6982961926187645
138.2429999999999 , 0.6979820612669494
139.8319999999999 , 0.697673912003077
141.4209999999999 , 0.6973715635080161
143.0099999999999 , 0.6970748417462442
144.5989999999999 , 0.6967835796016082
146.1879999999999 , 0.6964976165348066
147.7769999999999 , 0.6962167982610961
149.3659999999999 , 0.695940976446836
150.9549999999999 , 0.6956700084235964
152.5439999999999 , 0.6954037569186512
154.1329999999999 , 0.6951420898007672
155.7219999999999 , 0.694884879840284
157.3109999999999 , 0.6946320044825516
158.8999999999999 , 0.6943833456338661
160.4889999999999 , 0.6941387894591013
162.0779999999999 , 0.6938982261902984
163.6669999999999 , 0.6936615499455212
165.2559999999999 , 0.6934286585573437
166.84499999999989 , 0.6931994534103718
168.43399999999988 , 0.6929738392872496
170.02299999999988 , 0.6927517242226353
171.61199999999988 , 0.6925330193646678
173.20099999999988 , 0.6923176388434809
174.78999999999988 , 0.6921054996463447
176.37899999999988 , 0.6918965214990511
177.96799999999988 , 0.6916906267531783
179.55699999999987 , 0.6914877402788966
181.14599999999987 , 0.691287789363001
182.73499999999987 , 0.6910907036118723
184.32399999999987 , 0.690896414859093
185.91299999999987 , 0.6907048570774557
187.50199999999987 , 0.690515966295125
189.09099999999987 , 0.6903296805157231
190.67999999999986 , 0.690145939642125
192.26899999999986 , 0.6899646854037675
193.85799999999986 , 0.6897858612872791
195.44699999999986 , 0.6896094124702576
197.03599999999986 , 0.6894352857580288
198.62499999999986 , 0.6892634295232302
200.21399999999986 , 0.6890937936480732
201.80299999999986 , 0.688926329469147
203.39199999999985 , 0.6887609897246321
204.98099999999985 , 0.6885977285038029
206.56999999999985 , 0.6884365011987046
208.15899999999985 , 0.6882772644578932
209.74799999999985 , 0.6881199761421386
211.33699999999985 , 0.6879645952819935
212.92599999999985 , 0.6878110820371357
214.51499999999984 , 0.6876593976573995
216.10399999999984 , 0.6875095044454126
217.69299999999984 , 0.687361365720764
219.28199999999984 , 0.6872149457856278
220.87099999999984 , 0.6870702098917753
222.45999999999984 , 0.6869271242089099
224.04899999999984 , 0.6867856557942648
225.63799999999983 , 0.6866457725634001
227.22699999999983 , 0.6865074432621523
228.81599999999983 , 0.6863706374396741
230.40499999999983 , 0.6862353254225236
231.99399999999983 , 0.6861014782897494
233.58299999999983 , 0.6859690678489303
235.17199999999983 , 0.685838066613126
236.76099999999983 , 0.6857084477786987
238.34999999999982 , 0.6855801852039676
239.93899999999982 , 0.6854532533886593
241.52799999999982 , 0.6853276274541202
243.11699999999982 , 0.6852032831242579
244.70599999999982 , 0.6850801967071799
246.29499999999982 , 0.6849583450775008
247.88399999999982 , 0.6848377056592887
249.47299999999981 , 0.6847182564096255
251.0619999999998 , 0.6845999758027522
252.6509999999998 , 0.6844828428147803
254.2399999999998 , 0.6843668369089394
255.8289999999998 , 0.6842519380213444
257.41799999999984 , 0.6841381265472585
259.00699999999983 , 0.6840253833278316
260.59599999999983 , 0.6839136896372969
262.18499999999983 , 0.6838030271706054
263.77399999999983 , 0.6836933780314811
265.36299999999983 , 0.6835847247208822
266.9519999999998 , 0.683477050125849
268.5409999999998 , 0.6833703375087266
270.1299999999998 , 0.6832645704967448
271.7189999999998 , 0.6831597330719446
273.3079999999998 , 0.6830558095614351
274.8969999999998 , 0.6829527846279695
276.4859999999998 , 0.6828506432608277
278.0749999999998 , 0.6827493707669943
279.6639999999998 , 0.6826489527626203
281.2529999999998 , 0.682549375164758
282.8419999999998 , 0.6824506241833599
284.4309999999998 , 0.6823526863135287
286.0199999999998 , 0.682255548328015
287.6089999999998 , 0.6821591972699462
289.1979999999998 , 0.6820636204457842
290.7869999999998 , 0.6819688054185008
292.3759999999998 , 0.6818747400009632
293.9649999999998 , 0.6817814122495232
295.5539999999998 , 0.6816888104578003
297.1429999999998 , 0.6815969231506553
298.7319999999998 , 0.6815057390783446
300.3209999999998 , 0.6814152472108499
301.9099999999998 , 0.6813254367323786
303.4989999999998 , 0.6812362970360264
305.0879999999998 , 0.6811478177185981
306.6769999999998 , 0.681059988575581
308.2659999999998 , 0.6809727995962651
309.8549999999998 , 0.6808862409590054
311.4439999999998 , 0.6808003030266221
313.0329999999998 , 0.6807149763419323
314.6219999999998 , 0.6806302516234113
316.2109999999998 , 0.6805461197609757
317.7999999999998 , 0.6804625718118893
319.3889999999998 , 0.6803795989967815
320.9779999999998 , 0.6802971926957797
322.5669999999998 , 0.6802153444447492
324.1559999999998 , 0.6801340459316385
325.7449999999998 , 0.6800532889929245
327.3339999999998 , 0.6799730656101574
328.9229999999998 , 0.679893367906599
330.5119999999998 , 0.6798141881439543
332.1009999999998 , 0.6797355187191909
333.68999999999977 , 0.6796573521614436
335.27899999999977 , 0.6795796811290054
336.86799999999977 , 0.6795024984063952
338.45699999999977 , 0.6794257969015072
340.04599999999976 , 0.6793495696428334
341.63499999999976 , 0.6792738097767618
343.22399999999976 , 0.6791985105649424
344.81299999999976 , 0.6791236653817261
346.40199999999976 , 0.6790492677116674
347.99099999999976 , 0.6789753111470929
349.57999999999976 , 0.6789017893857319
351.16899999999976 , 0.6788286962284096
352.75799999999975 , 0.6787560255767969
354.34699999999975 , 0.6786837714312199
355.93599999999975 , 0.6786119278885219
357.52499999999975 , 0.6785404891399828
359.11399999999975 , 0.6784694494692879
360.70299999999975 , 0.6783988032505489
362.29199999999975 , 0.6783285449463735
363.88099999999974 , 0.6782586691059835
365.46999999999974 , 0.6781891703633783
367.05899999999974 , 0.6781200434355441
368.64799999999974 , 0.6780512831207066
370.23699999999974 , 0.6779828842966266
371.82599999999974 , 0.6779148419189358
373.41499999999974 , 0.6778471510195141
375.00399999999973 , 0.6777798067049045
376.59299999999973 , 0.6777128041547662
378.18199999999973 , 0.6776461386203658
379.77099999999973 , 0.6775798054231013
381.35999999999973 , 0.6775137999530635
382.9489999999997 , 0.6774481176676306
384.5379999999997 , 0.677382754090094
386.1269999999997 , 0.6773177048083179
387.7159999999997 , 0.6772529654734285
389.3049999999997 , 0.6771885317985344
390.8939999999997 , 0.6771243995574763
392.4829999999997 , 0.6770605645836034
394.0719999999997 , 0.67699702276858
395.6609999999997 , 0.6769337700612175
397.2499999999997 , 0.6768708024663332
398.8389999999997 , 0.6768081160436348
400.4279999999997 , 0.6767457069066287
402.0169999999997 , 0.6766835712215544
403.6059999999997 , 0.6766217052063399
405.1949999999997 , 0.6765601051295826
406.7839999999997 , 0.6764987673095507
408.3729999999997 , 0.6764376881132068
409.9619999999997 , 0.6763768639552534
411.5509999999997 , 0.676316291297197
413.1399999999997 , 0.6762559666464351
414.7289999999997 , 0.6761958865553596
416.3179999999997 , 0.6761360476204823
417.9069999999997 , 0.6760764464815762
419.4959999999997 , 0.676017079820836
421.0849999999997 , 0.6759579443620569
422.6739999999997 , 0.6758990368698294
424.2629999999997 , 0.6758403541487505
425.8519999999997 , 0.6757818930426531
427.4409999999997 , 0.6757236504338484
429.0299999999997 , 0.6756656232423863
430.6189999999997 , 0.6756078084253293
432.2079999999997 , 0.6755502029760416
433.7969999999997 , 0.6754928039234921
435.3859999999997 , 0.6754356083315725
436.9749999999997 , 0.6753786132984265
438.5639999999997 , 0.6753218159557954
440.1529999999997 , 0.6752652134683741
441.7419999999997 , 0.6752088030331809
443.3309999999997 , 0.6751525818789389
444.9199999999997 , 0.6750965472654702
446.5089999999997 , 0.6750406964831003
448.0979999999997 , 0.6749850268520761
449.68699999999967 , 0.6749295357219928
451.27599999999967 , 0.6748742204712327
452.86499999999967 , 0.6748190785064143
454.45399999999967 , 0.6747641072618524
456.04299999999967 , 0.6747093041990263
457.63199999999966 , 0.6746546668060605
459.22099999999966 , 0.674600192597212
460.80999999999966 , 0.6745458791123704
462.39899999999966 , 0.6744917239165629
463.98799999999966 , 0.6744377245994722
465.57699999999966 , 0.6743838787749599
467.16599999999966 , 0.6743301840806007
468.75499999999965 , 0.6742766381772235
470.34399999999965 , 0.6742232387484602
471.93299999999965 , 0.6741699835003039
473.52199999999965 , 0.6741168701606731
475.11099999999965 , 0.6740638964789847
476.69999999999965 , 0.674011060225733
478.28899999999965 , 0.673958359192077
479.87799999999964 , 0.673905791189434
481.46699999999964 , 0.6738533540490794
483.05599999999964 , 0.6738010456217549
484.64499999999964 , 0.6737488637772809
486.23399999999964 , 0.6736968064041774
487.82299999999964 , 0.6736448714092883
489.41199999999964 , 0.6735930567174147
491.00099999999964 , 0.6735413602709519
492.58999999999963 , 0.6734897800295334
494.17899999999963 , 0.6734383139696789
495.76799999999963 , 0.6733869600844495
497.35699999999963 , 0.6733357163831066
498.94599999999963 , 0.6732845808907776
500.5349999999996 , 0.6732335516481248
502.1239999999996 , 0.6731826267110208
503.7129999999996 , 0.6731318041502273
505.3019999999996 , 0.6730810820510802
506.8909999999996 , 0.6730304585131771
508.4799999999996 , 0.6729799316500719
510.0689999999996 , 0.6729294995889704
511.6579999999996 , 0.6728791604704337
513.2469999999996 , 0.6728289124480831
514.8359999999997 , 0.6727787536883095
516.4249999999997 , 0.6727286823699882
518.0139999999998 , 0.672678696684195
519.6029999999998 , 0.6726287948339285
521.1919999999999 , 0.6725789750338339
522.781 , 0.6725292355099322
524.37 , 0.6724795744993508
525.9590000000001 , 0.6724299902500597
527.5480000000001 , 0.6723804810206087
529.1370000000002 , 0.6723310450798687
530.7260000000002 , 0.6722816807067779
532.3150000000003 , 0.6722323861900863
533.9040000000003 , 0.6721831598281092
535.4930000000004 , 0.6721339999284774
537.0820000000004 , 0.6720849048078955
538.6710000000005 , 0.6720358727918987
540.2600000000006 , 0.671986902214615
541.8490000000006 , 0.6719379914185278
543.4380000000007 , 0.6718891387542432
545.0270000000007 , 0.6718403425802574
546.6160000000008 , 0.6717916012627277
548.2050000000008 , 0.6717429131752456
549.7940000000009 , 0.6716942766986116
551.383000000001 , 0.671645690220612
552.972000000001 , 0.6715971521357994
554.5610000000011 , 0.6715486608452721
556.1500000000011 , 0.6715002147564579
557.7390000000012 , 0.6714518122828991
559.3280000000012 , 0.6714034518440387
560.9170000000013 , 0.6713551318650085
562.5060000000013 , 0.6713068507764193
564.0950000000014 , 0.671258607014152
565.6840000000014 , 0.6712103990191508
567.2730000000015 , 0.6711622252372174
568.8620000000016 , 0.6711140841188067
570.4510000000016 , 0.6710659741188242
572.0400000000017 , 0.6710178936964242
573.6290000000017 , 0.6709698413148087
575.2180000000018 , 0.6709218154410297
576.8070000000018 , 0.6708738145457893
578.3960000000019 , 0.670825837103244
579.985000000002 , 0.6707778815908071
581.574000000002 , 0.6707299464889552
583.1630000000021 , 0.6706820302810328
584.7520000000021 , 0.6706341314530587
586.3410000000022 , 0.6705862484935341
587.9300000000022 , 0.6705383798932503
589.5190000000023 , 0.6704905241450967
591.1080000000023 , 0.6704426797438714
592.6970000000024 , 0.6703948451860902
594.2860000000024 , 0.6703470189697971
595.8750000000025 , 0.6702991995943757
597.4640000000026 , 0.6702513855603595
599.0530000000026 , 0.6702035753692448
600.6420000000027 , 0.670155767523302
602.2310000000027 , 0.6701079605253877
603.8200000000028 , 0.6700601528787575
605.4090000000028 , 0.6700123430868787
606.9980000000029 , 0.6699645296532424
608.587000000003 , 0.6699167110811772
610.176000000003 , 0.6698688858736617
611.765000000003 , 0.6698210525331365
613.3540000000031 , 0.6697732095613185
614.9430000000032 , 0.6697253554590119
616.5320000000032 , 0.6696774887259218
618.1210000000033 , 0.6696296078604653
619.7100000000033 , 0.6695817113595844
621.2990000000034 , 0.6695337977185569
622.8880000000034 , 0.6694858654308076
624.4770000000035 , 0.6694379129877196
626.0660000000036 , 0.6693899388784436
627.6550000000036 , 0.6693419415897083
629.2440000000037 , 0.6692939196056296
630.8330000000037 , 0.6692458714075187
632.4220000000038 , 0.6691977954736903
634.0110000000038 , 0.669149690279269
635.6000000000039 , 0.6691015542959965
637.189000000004 , 0.6690533859920363
638.778000000004 , 0.6690051838317788
640.367000000004 , 0.6689569462756442
641.9560000000041 , 0.6689086717798858
643.5450000000042 , 0.6688603587963913
645.1340000000042 , 0.6688120057724829
646.7230000000043 , 0.6687636111507168
648.3120000000043 , 0.6687151733686817
649.9010000000044 , 0.6686666908587946
651.4900000000044 , 0.6686181620480971
653.0790000000045 , 0.6685695853580487
654.6680000000046 , 0.6685209592043201
656.2570000000046 , 0.668472281996584
657.8460000000047 , 0.6684235521383042
659.4350000000047 , 0.6683747680265242
661.0240000000048 , 0.6683259280516528
662.6130000000048 , 0.668277030597249
664.2020000000049 , 0.6682280740398043
665.7910000000049 , 0.6681790567485238
667.380000000005 , 0.6681299770851049
668.969000000005 , 0.6680808334035139
670.5580000000051 , 0.668031624049761
672.1470000000052 , 0.667982347361673
673.7360000000052 , 0.6679330016686638
675.3250000000053 , 0.6678835852915022
676.9140000000053 , 0.667834096542078
678.5030000000054 , 0.6677845337231656
680.0920000000054 , 0.6677348951281843
681.6810000000055 , 0.6676851790409573
683.2700000000056 , 0.6676353837354675
684.8590000000056 , 0.6675855074756101
686.4480000000057 , 0.667535548514943
688.0370000000057 , 0.6674855050964345
689.6260000000058 , 0.6674353754522073
691.2150000000058 , 0.6673851578032806
692.8040000000059 , 0.6673348503593076
694.3930000000059 , 0.6672844513183116
695.982000000006 , 0.6672339588664171
697.571000000006 , 0.667183371177579
699.1600000000061 , 0.667132686413307
700.7490000000062 , 0.667081902722388
702.3380000000062 , 0.6670310182406032
703.9270000000063 , 0.6669800310904423
705.5160000000063 , 0.6669289393808152
707.1050000000064 , 0.6668777412067567
708.6940000000064 , 0.66682643464913
710.2830000000065 , 0.6667750177743248
711.8720000000066 , 0.6667234886339511
713.4610000000066 , 0.6666718452645297
715.0500000000067 , 0.6666200856871766
716.6390000000067 , 0.6665682079072843
718.2280000000068 , 0.6665162099141986
719.8170000000068 , 0.6664640896808882
721.4060000000069 , 0.666411845163613
722.9950000000069 , 0.6663594743015842
724.584000000007 , 0.6663069750166213
726.173000000007 , 0.6662543452128035
727.7620000000071 , 0.666201582776114
729.3510000000072 , 0.6661486855740812
730.9400000000072 , 0.6660956514554135
732.5290000000073 , 0.6660424782496268
734.1180000000073 , 0.6659891637666677
735.7070000000074 , 0.6659357057965305
737.2960000000074 , 0.6658821021088676
738.8850000000075 , 0.6658283504525928
740.4740000000075 , 0.6657744485554797
742.0630000000076 , 0.6657203941237522
743.6520000000077 , 0.6656661848416681
745.2410000000077 , 0.6656118183710965
746.8300000000078 , 0.6655572923510875
748.4190000000078 , 0.6655026043974339
750.0080000000079 , 0.6654477521022278
751.5970000000079 , 0.6653927330334055
753.186000000008 , 0.6653375447342879
754.775000000008 , 0.665282184723112
756.3640000000081 , 0.6652266504925529
757.9530000000082 , 0.6651709395092381
759.5420000000082 , 0.6651150492132542
761.1310000000083 , 0.665058977017642
762.7200000000083 , 0.6650027203078857
764.3090000000084 , 0.6649462764413895
765.8980000000084 , 0.6648896427469476
767.4870000000085 , 0.6648328165242023
769.0760000000085 , 0.6647757950430928
770.6650000000086 , 0.6647185755432938
772.2540000000087 , 0.6646611552336434
773.8430000000087 , 0.6646035312915601
775.4320000000088 , 0.6645457008624486
777.0210000000088 , 0.6644876610590953
778.6100000000089 , 0.66442940896105
780.1990000000089 , 0.6643709416139982
781.788000000009 , 0.6643122560291195
783.377000000009 , 0.6642533491824334
784.9660000000091 , 0.6641942180141344
786.5550000000092 , 0.6641348594279105
788.1440000000092 , 0.6640752702902516
789.7330000000093 , 0.664015447429742
791.3220000000093 , 0.6639553876363391
792.9110000000094 , 0.6638950876606381
794.5000000000094 , 0.6638345442131222
796.0890000000095 , 0.6637737539633954
797.6780000000095 , 0.6637127135394028
799.2670000000096 , 0.6636514195266318
800.8560000000097 , 0.6635898684672992
802.4450000000097 , 0.6635280568595201
804.0340000000098 , 0.66346598115646
805.6230000000098 , 0.6634036377654691
807.2120000000099 , 0.6633410230471978
808.8010000000099 , 0.6632781333146949
810.39000000001 , 0.6632149648324852
811.97900000001 , 0.6631515138156284
813.5680000000101 , 0.6630877764287573
815.1570000000102 , 0.6630237487850954
816.7460000000102 , 0.6629594269454541
818.3350000000103 , 0.662894806917206
819.9240000000103 , 0.6628298846532388
821.5130000000104 , 0.6627646560508835
823.1020000000104 , 0.6626991169508205
824.6910000000105 , 0.6626332631359617
826.2800000000105 , 0.6625670903303065
827.8690000000106 , 0.6625005941977735
829.4580000000107 , 0.6624337703410059
831.0470000000107 , 0.6623666143001488
832.6360000000108 , 0.6622991215516004
834.2250000000108 , 0.6622312875067344
835.8140000000109 , 0.6621631075105923
837.4030000000109 , 0.6620945768405471
838.992000000011 , 0.6620256907049356
840.581000000011 , 0.6619564442416588
842.1700000000111 , 0.6618868325167506
843.7590000000112 , 0.6618168505229124
845.3480000000112 , 0.661746493178014
846.9370000000113 , 0.6616757553235588
848.5260000000113 , 0.6616046317231123
850.1150000000114 , 0.6615331170606948
851.7040000000114 , 0.6614612059391347
853.2930000000115 , 0.6613888928783822
854.8820000000115 , 0.6613161723137828
856.4710000000116 , 0.6612430385943098
858.0600000000117 , 0.6611694859807528
859.6490000000117 , 0.6610955086438627
861.2380000000118 , 0.6610211006624517
862.8270000000118 , 0.660946256021445
864.4160000000119 , 0.6608709686098866
866.0050000000119 , 0.6607952322188945
867.594000000012 , 0.6607190405395645
869.183000000012 , 0.6606423871608231
870.7720000000121 , 0.660565265567225
872.3610000000122 , 0.6604876691366954
873.9500000000122 , 0.660409591138216
875.5390000000123 , 0.6603310247294513
877.1280000000123 , 0.6602519629543138
878.7170000000124 , 0.6601723987404678
880.3060000000124 , 0.6600923248967684
881.8950000000125 , 0.6600117341106333
883.4840000000125 , 0.6599306189453475
885.0730000000126 , 0.6598489718372968
886.6620000000127 , 0.659766785093129
888.2510000000127 , 0.6596840508868396
889.8400000000128 , 0.6596007612567816
891.4290000000128 , 0.6595169081025938
893.0180000000129 , 0.6594324831820491
894.6070000000129 , 0.6593474781078162
896.196000000013 , 0.6592618843441358
897.785000000013 , 0.6591756932034047
899.3740000000131 , 0.659088895842669
900.9630000000132 , 0.6590014832600197
902.5520000000132 , 0.65891344629089
904.1410000000133 , 0.6588247756042505
905.7300000000133 , 0.6587354616986982
907.3190000000134 , 0.6586454948984383
908.9080000000134 , 0.65855486534915
910.4970000000135 , 0.6584635630137408
912.0860000000135 , 0.6583715776679759
913.6750000000136 , 0.6582788988959878
915.2640000000137 , 0.6581855160856549
916.8530000000137 , 0.6580914184238487
918.4420000000138 , 0.6579965948915446
920.0310000000138 , 0.6579010342587904
921.6200000000139 , 0.657804725079529
923.2090000000139 , 0.6577076556862691
924.798000000014 , 0.6576098141846012
926.387000000014 , 0.6575111884475497
927.9760000000141 , 0.6574117661097587
929.5650000000142 , 0.6573115345615055
931.1540000000142 , 0.6572104809425321
932.7430000000143 , 0.6571085921356945
934.3320000000143 , 0.6570058547604178
935.9210000000144 , 0.6569022551659531
937.5100000000144 , 0.6567977794244284
939.0990000000145 , 0.6566924133236868
940.6880000000145 , 0.6565861423599026
942.2770000000146 , 0.6564789517299705
943.8660000000147 , 0.6563708263236552
945.4550000000147 , 0.6562617507154973
947.0440000000148 , 0.6561517091564631
948.6330000000148 , 0.6560406855653316
950.2220000000149 , 0.6559286635198052
951.8110000000149 , 0.6558156262473395
953.400000000015 , 0.6557015566156754
954.989000000015 , 0.6555864371230675
956.5780000000151 , 0.655470249888194
958.1670000000152 , 0.6553529766397372
959.7560000000152 , 0.6552345987056238
961.3450000000153 , 0.6551150970019077
962.9340000000153 , 0.6549944520212854
964.5230000000154 , 0.6548726438212285
966.1120000000154 , 0.6547496520117185
967.7010000000155 , 0.6546254557425668
969.2900000000155 , 0.6545000336903057
970.8790000000156 , 0.6543733640446339
972.4680000000156 , 0.6542454244943949
974.0570000000157 , 0.6541161922130743
975.6460000000158 , 0.6539856438437932
977.2350000000158 , 0.6538537554837798
978.8240000000159 , 0.653720502668296
980.4130000000159 , 0.6535858603539972
982.002000000016 , 0.653449802901704
983.591000000016 , 0.6533123040585571
985.1800000000161 , 0.6531733369395353
986.7690000000161 , 0.6530328740083048
988.3580000000162 , 0.6528908870573746
989.9470000000163 , 0.6527473471875292
991.5360000000163 , 0.652602224786504
993.1250000000164 , 0.6524554895068762
994.7140000000164 , 0.6523071102431324
996.3030000000165 , 0.6521570551078817
997.8920000000165 , 0.6520052914071733
999.4810000000166 , 0.651851785614882
1001.0700000000166 , 0.6516965033461182
1002.6590000000167 , 0.6515394093296221
1004.2480000000168 , 0.6513804673790935
1005.8370000000168 , 0.6512196403634117
1007.4260000000169 , 0.6510568901756943
1009.0150000000169 , 0.6508921777011425
1010.604000000017 , 0.6507254627836161
1012.193000000017 , 0.6505567041908837
1013.7820000000171 , 0.6503858595784802
1015.3710000000171 , 0.6502128854521133
1016.9600000000172 , 0.6500377371285462
1018.5490000000173 , 0.6498603686948874
1020.1380000000173 , 0.6496807329662098
1021.7270000000174 , 0.6494987814414217
1023.3160000000174 , 0.6493144642573025
1024.9050000000175 , 0.6491277301406175
1026.4940000000174 , 0.6489385263582141
1028.0830000000174 , 0.6487467986650052
1029.6720000000173 , 0.6485524912497311
1031.2610000000172 , 0.6483555466783923
1032.8500000000172 , 0.6481559058352337
1034.4390000000171 , 0.6479535078611607
1036.028000000017 , 0.6477482900894527
1037.617000000017 , 0.6475401879786381
1039.206000000017 , 0.6473291350423861
1040.795000000017 , 0.6471150627762569
1042.3840000000168 , 0.6468979005811488
1043.9730000000168 , 0.6466775756832701
1045.5620000000167 , 0.646454013050448
1047.1510000000167 , 0.6462271353045832
1048.7400000000166 , 0.6459968626300401
1050.3290000000165 , 0.6457631126777563
1051.9180000000165 , 0.6455258004648341
1053.5070000000164 , 0.6452848382693713
1055.0960000000164 , 0.6450401355202636
1056.6850000000163 , 0.6447915986817012
1058.2740000000163 , 0.6445391311320635
1059.8630000000162 , 0.6442826330368905
1061.4520000000161 , 0.6440220012156
1063.041000000016 , 0.6437571290015891
1064.630000000016 , 0.6434879060953351
1066.219000000016 , 0.6432142184100952
1067.808000000016 , 0.6429359479097633
1069.3970000000159 , 0.6426529724384262
1070.9860000000158 , 0.6423651655411221
1072.5750000000157 , 0.6420723962752721
1074.1640000000157 , 0.6417745290122239
1075.7530000000156 , 0.641471423228301
1077.3420000000156 , 0.6411629332847157
1078.9310000000155 , 0.6408489081956525
1080.5200000000154 , 0.640529191383785
1082.1090000000154 , 0.6402036204224344
1083.6980000000153 , 0.6398720267635243
1085.2870000000153 , 0.6395342354504144
1086.8760000000152 , 0.6391900648146491
1088.4650000000152 , 0.6388393261555636
1090.054000000015 , 0.6384818234016296
1091.643000000015 , 0.6381173527523285
1093.232000000015 , 0.6377457022992548
1094.821000000015 , 0.6373666516250515
1096.4100000000149 , 0.636979971378671
1097.9990000000148 , 0.6365854228253456
1099.5880000000147 , 0.636182757369514
1101.1770000000147 , 0.6357717160488287
1102.7660000000146 , 0.6353520289972048
1104.3550000000146 , 0.6349234148747223
1105.9440000000145 , 0.6344855802620057
1107.5330000000145 , 0.6340382190165266
1109.1220000000144 , 0.6335810115880476
1110.7110000000143 , 0.6331136242902183
1112.3000000000143 , 0.6326357085250671
1113.8890000000142 , 0.6321468999568688
1115.4780000000142 , 0.6316468176315729
1117.067000000014 , 0.6311350630376444
1118.656000000014 , 0.6306112191038187
1120.245000000014 , 0.6300748491288796
1121.834000000014 , 0.6295254956381453
1123.4230000000139 , 0.6289626791608713
1125.0120000000138 , 0.6283858969222763
1126.6010000000138 , 0.6277946214433199
1128.1900000000137 , 0.6271882990407509
1129.7790000000136 , 0.6265663482192588
1131.3680000000136 , 0.6259281579468098
1132.9570000000135 , 0.625273085803425
1134.5460000000135 , 0.6246004559927504
1136.1350000000134 , 0.6239095572047636
1137.7240000000133 , 0.6231996403168589
1139.3130000000133 , 0.6224699159193339
1140.9020000000132 , 0.6217195516499577
1142.4910000000132 , 0.6209476693208129
1144.0800000000131 , 0.6201533418189672
1145.669000000013 , 0.619335589760716
1147.258000000013 , 0.6184933778771388
1148.847000000013 , 0.617625611106495
1150.4360000000129 , 0.6167311303665428
1152.0250000000128 , 0.615808707977155
1153.6140000000128 , 0.6148570427006201
1155.2030000000127 , 0.6138747543637133
1156.7920000000126 , 0.612860378021966
1158.3810000000126 , 0.6118123576225427
1159.9700000000125 , 0.6107290391176783
1161.5590000000125 , 0.6096086629757383
1163.1480000000124 , 0.6084493560315714
1164.7370000000124 , 0.6072491226118997
1166.3260000000123 , 0.6060058348650113
1167.9150000000122 , 0.6047172222169179
1169.5040000000122 , 0.6033808598684283
1171.0930000000121 , 0.6019941562392125
1172.682000000012 , 0.6005543392559162
1174.271000000012 , 0.5990584413717251
1175.860000000012 , 0.5975032831945574
1177.449000000012 , 0.5958854555903477
1179.0380000000118 , 0.5942013001168603
1180.6270000000118 , 0.5924468876323757
1182.2160000000117 , 0.5906179949128028
1183.8050000000117 , 0.5887100791008129
1185.3940000000116 , 0.5867182498022175
1186.9830000000115 , 0.5846372386390499
1188.5720000000115 , 0.5824613660671099
1190.1610000000114 , 0.5801845052699897
1191.7500000000114 , 0.5778000429544721
1193.3390000000113 , 0.5753008368971406
1194.9280000000113 , 0.5726791701337628
1196.5170000000112 , 0.5699267017476601
1198.1060000000111 , 0.5670344143090107
1199.695000000011 , 0.5639925581545001
1201.284000000011 , 0.5607905928898288
1202.873000000011 , 0.5574171267642035
1204.462000000011 , 0.553859854929066
1206.0510000000108 , 0.5501054980820139
1207.6400000000108 , 0.546139743647509
1209.2290000000107 , 0.5419471925031956
1210.8180000000107 , 0.5375113153779931
1212.4070000000106 , 0.5328144244876102
1213.9960000000106 , 0.5278376678030221
1215.5850000000105 , 0.5225610556367368
1217.1740000000104 , 0.5169635320389436
1218.7630000000104 , 0.5110231068494178
1220.3520000000103 , 0.5047170681170444
1221.9410000000103 , 0.49802229882868015
1223.5300000000102 , 0.49091572614505163
1225.1190000000101 , 0.4833749349927339
1226.70800000001 , 0.475378979854439
1228.29700000001 , 0.4669094273194599
1229.88600000001 , 0.4579516551200481
1231.47500000001 , 0.44849641805709917
1233.0640000000099 , 0.4385416641194486
1234.6530000000098 , 0.42809454233848854
1236.2420000000097 , 0.41717348645381114
1237.8310000000097 , 0.4058101882877806
1239.4200000000096 , 0.3940512014379485
1241.0090000000096 , 0.3819588575973637
1242.5980000000095 , 0.3696111603801405
1244.1870000000094 , 0.35710037301635106
1245.7760000000094 , 0.34453015546954746
1247.3650000000093 , 0.3320113282536028
1248.9540000000093 , 0.31965660490737846
1250.5430000000092 , 0.3075748722974626
1252.1320000000092 , 0.2958657289614943
1253.721000000009 , 0.2846149641292905
1255.310000000009 , 0.27389147541880465
1256.899000000009 , 0.26374583951229424
1258.488000000009 , 0.2542104556888451
1260.0770000000089 , 0.24530095650134348
1261.6660000000088 , 0.2370184648913518
1263.2550000000087 , 0.22935227054598706
1264.8440000000087 , 0.222282568258237
1266.4330000000086 , 0.21578300627441133
1268.0220000000086 , 0.20982289892731132
1269.6110000000085 , 0.2043690449484774
1271.2000000000085 , 0.19938715350926864
1272.7890000000084 , 0.19484291577425056
1274.3780000000083 , 0.19070277617506848
1275.9670000000083 , 0.18693446113355877
1277.5560000000082 , 0.1835073190388123
1279.1450000000082 , 0.18039251785745714
1280.734000000008 , 0.17756313833273218
1282.323000000008 , 0.17499419270021851
1283.912000000008 , 0.17266259186368335
1285.501000000008 , 0.17054707823040977
1287.0900000000079 , 0.16862813685756883
1288.6790000000078 , 0.16688789405677504
1290.2680000000078 , 0.16531000995736805
1291.8570000000077 , 0.16387956956098587
1293.4460000000076 , 0.16258297537487687
1295.0350000000076 , 0.16140784366159014
1296.6240000000075 , 0.16034290558768077
1298.2130000000075 , 0.15937791401664286
1299.8020000000074 , 0.15850355631318852
1301.3910000000074 , 0.15771137326380183
1302.9800000000073 , 0.15699368404016822
1304.5690000000072 , 0.15634351701408689
1306.1580000000072 , 0.15575454615764495
1307.7470000000071 , 0.15522103271827495
1309.336000000007 , 0.1547377718357552
1310.925000000007 , 0.15430004376068607
1312.514000000007 , 0.1539035693367391
1314.103000000007 , 0.15354446941861494
1315.6920000000068 , 0.15321922791171227
1317.2810000000068 , 0.1529246581362506
1318.8700000000067 , 0.15265787223676713
1320.4590000000067 , 0.15241625337665024
1322.0480000000066 , 0.152197430476079
1323.6370000000065 , 0.15199925526999647
1325.2260000000065 , 0.15181978148029426
1326.8150000000064 , 0.15165724591305252
1328.4040000000064 , 0.15151005130737333
1329.9930000000063 , 0.15137675077702237
1331.5820000000062 , 0.15125603369974303
1333.1710000000062 , 0.15114671292175258
1334.7600000000061 , 0.15104771315659832
1336.349000000006 , 0.15095806046829233
1337.938000000006 , 0.1508768727385067
1339.527000000006 , 0.15080335102664905
1341.116000000006 , 0.1507367717399081
1342.7050000000058 , 0.15067647953791685
1344.2940000000058 , 0.1506218809035772
1345.8830000000057 , 0.1505724383178777
1347.4720000000057 , 0.15052766498226708
1349.0610000000056 , 0.15048712003735967
1350.6500000000055 , 0.15045040423149478
1352.2390000000055 , 0.15041715599698613
1353.8280000000054 , 0.15038704789581991
1355.4170000000054 , 0.15035978340012096
1357.0060000000053 , 0.15033509397594325
1358.5950000000053 , 0.15031273644187765
1360.1840000000052 , 0.15029249057663638
1361.7730000000051 , 0.1502741569521918
1363.362000000005 , 0.1502575549712431
1364.951000000005 , 0.15024252108977446
1366.540000000005 , 0.1502289072072731
1368.129000000005 , 0.15021657920881387
1369.7180000000048 , 0.15020541564469933
1371.3070000000048 , 0.15019530653469157
1372.8960000000047 , 0.15018615228508958
1374.4850000000047 , 0.15017786270801245
1376.0740000000046 , 0.15017035613324992
1377.6630000000046 , 0.15016355860394848
1379.2520000000045 , 0.150157403148226
1380.8410000000044 , 0.15015182911954933
1382.4300000000044 , 0.15014678159938855
1384.0190000000043 , 0.15014221085626966
1385.6080000000043 , 0.15013807185590372
1387.1970000000042 , 0.15013432381757152
1388.7860000000042 , 0.15013092981239734
1390.375000000004 , 0.15012785639955842
1391.964000000004 , 0.15012507329684777
1393.553000000004 , 0.15012255308234804
1395.142000000004 , 0.15012027092427835
1396.7310000000039 , 0.15011820433635478
1398.3200000000038 , 0.15011633295625482
1399.9090000000037 , 0.15011463834500444
1401.4980000000037 , 0.15011310380531245
1403.0870000000036 , 0.15011171421706213
1404.6760000000036 , 0.1501104558883405
1406.2650000000035 , 0.1501093164205377
1407.8540000000035 , 0.1501082845861879
1409.4430000000034 , 0.15010735021834803
1411.0320000000033 , 0.15010650411042492
1412.6210000000033 , 0.1501057379254641
1414.2100000000032 , 0.1501050441140067
1415.7990000000032 , 0.1501044158397047
1417.388000000003 , 0.15010384691196255
1418.977000000003 , 0.1501033317249409
1420.566000000003 , 0.15010286520232186
1422.155000000003 , 0.15010244274729137
1423.7440000000029 , 0.15010206019724634
1425.3330000000028 , 0.1501017137827796
1426.9220000000028 , 0.1501014000905392
1428.5110000000027 , 0.15010111602959625
1430.1000000000026 , 0.15010085880098883
1431.6890000000026 , 0.15010062587014333
1433.2780000000025 , 0.15010041494190063
1434.8670000000025 , 0.15010022393790112
1436.4560000000024 , 0.15010005097610615
1438.0450000000023 , 0.15009989435225354
1439.6340000000023 , 0.15009975252306518
1441.2230000000022 , 0.15009962409104033
1442.8120000000022 , 0.1500995077906857
1444.401000000002 , 0.15009940247604614
1445.990000000002 , 0.15009930710941305
1447.579000000002 , 0.15009922075109958
1449.168000000002 , 0.15009914255018136
1450.7570000000019 , 0.1500990717361121
1452.3460000000018 , 0.15009900761113126
1453.9350000000018 , 0.15009894954338857
1455.5240000000017 , 0.15009889696071813
1457.1130000000016 , 0.15009884934500078
1458.7020000000016 , 0.15009880622705882
1460.2910000000015 , 0.15009876718203294
1461.8800000000015 , 0.150098731825196
1463.4690000000014 , 0.1500986998081622
1465.0580000000014 , 0.15009867081545403
1466.6470000000013 , 0.15009864456139416
1468.2360000000012 , 0.15009862078729008
1469.8250000000012 , 0.1500985992588855
1471.4140000000011 , 0.15009857976405186
1473.003000000001 , 0.1500985621106983
1474.592000000001 , 0.15009854612487883
1476.181000000001 , 0.15009853164907827
1477.770000000001 , 0.15009851854066042
1479.3590000000008 , 0.15009850667046248
1480.9480000000008 , 0.1500984959215223
1482.5370000000007 , 0.15009848618792604
1484.1260000000007 , 0.15009847737376433
1485.7150000000006 , 0.15009846939218752
1487.3040000000005 , 0.1500984621645497
1488.8930000000005 , 0.15009845561963386
1490.4820000000004 , 0.15009844969295022
1492.0710000000004 , 0.15009844432610053
1493.6600000000003 , 0.15009843946620294
1495.2490000000003 , 0.15009843506537085
1496.8380000000002 , 0.15009843108024096
1498.4270000000001 , 0.1500984274715461
1500.016 , 0.1500984242037282
1501.605 , 0.15009842124458808
1503.194 , 0.15009841856496806
1504.783 , 0.15009841613846472
1506.3719999999998 , 0.15009841394116863
1507.9609999999998 , 0.15009841195142895
1509.5499999999997 , 0.1500984101496399
1511.1389999999997 , 0.15009840851804768
1512.7279999999996 , 0.1500984070405755
1514.3169999999996 , 0.15009840570266525
1515.9059999999995 , 0.15009840449113387
1517.4949999999994 , 0.15009840339404362
1519.0839999999994 , 0.15009840240058442
1520.6729999999993 , 0.15009840150096726
1522.2619999999993 , 0.15009840068632788
1523.8509999999992 , 0.15009839994863927
1525.4399999999991 , 0.15009839928063265
1527.028999999999 , 0.15009839867572589
1528.617999999999 , 0.15009839812795855
1530.206999999999 , 0.15009839763193328
1531.795999999999 , 0.15009839718276247
1533.3849999999989 , 0.15009839677602033
1534.9739999999988 , 0.15009839640769904
1536.5629999999987 , 0.1500983960741693
1538.1519999999987 , 0.1500983957721448
1539.7409999999986 , 0.15009839549864942
1541.3299999999986 , 0.15009839525098845
1542.9189999999985 , 0.1500983950267215
1544.5079999999984 , 0.1500983948236388
1546.0969999999984 , 0.15009839463973929
1547.6859999999983 , 0.15009839447321088
1549.2749999999983 , 0.15009839432241273
1550.8639999999982 , 0.15009839418585896
1552.4529999999982 , 0.15009839406220404
1554.041999999998 , 0.15009839395022956
1555.630999999998 , 0.1500983938488322
1557.219999999998 , 0.1500983937570128
1558.808999999998 , 0.15009839367386665
1560.3979999999979 , 0.1500983935985745
1561.9869999999978 , 0.15009839353039442
1563.5759999999977 , 0.15009839346865467
1565.1649999999977 , 0.15009839341274678
1566.7539999999976 , 0.15009839336211997
1568.3429999999976 , 0.1500983933162754
1569.9319999999975 , 0.15009839327476127
1571.5209999999975 , 0.15009839323716853
1573.1099999999974 , 0.15009839320312685
1574.6989999999973 , 0.15009839317230073
1576.2879999999973 , 0.15009839314438644
1577.8769999999972 , 0.15009839311910894
1579.4659999999972 , 0.15009839309621914
1581.054999999997 , 0.1500983930754915
1582.643999999997 , 0.1500983930567218
1584.232999999997 , 0.15009839303972508
1585.821999999997 , 0.1500983930243339
1587.4109999999969 , 0.1500983930103965
1588.9999999999968 , 0.1500983929977757
1590.5889999999968 , 0.15009839298634703
1592.1779999999967 , 0.1500983929759979
1593.7669999999966 , 0.15009839296662636
1595.3559999999966 , 0.15009839295814004
1596.9449999999965 , 0.15009839295045538
1598.5339999999965 , 0.15009839294349658
1600.1229999999964 , 0.15009839293719512
1601.7119999999964 , 0.15009839293148886
1603.3009999999963 , 0.15009839292632166
1604.8899999999962 , 0.1500983929216425
1606.4789999999962 , 0.1500983929174054
1608.0679999999961 , 0.15009839291356847
1609.656999999996 , 0.15009839291009403
1611.245999999996 , 0.15009839290694776
1612.834999999996 , 0.15009839290409868
1614.4239999999959 , 0.15009839290151875
1616.0129999999958 , 0.1500983928991825
1617.6019999999958 , 0.15009839289706692
1619.1909999999957 , 0.1500983928951512
1620.7799999999957 , 0.15009839289341642
1622.3689999999956 , 0.1500983928918455
1623.9579999999955 , 0.15009839289042298
1625.5469999999955 , 0.15009839288913485
1627.1359999999954 , 0.1500983928879684
1628.7249999999954 , 0.15009839288691212
1630.3139999999953 , 0.1500983928859556
1631.9029999999952 , 0.15009839288508944
1633.4919999999952 , 0.15009839288430513
1635.0809999999951 , 0.15009839288359486
1636.669999999995 , 0.1500983928829517
1638.258999999995 , 0.15009839288236929
1639.847999999995 , 0.1500983928818419
1641.436999999995 , 0.15009839288136428
1643.0259999999948 , 0.15009839288093185
1644.6149999999948 , 0.15009839288054022
1646.2039999999947 , 0.15009839288018562
1647.7929999999947 , 0.15009839287986448
1649.3819999999946 , 0.1500983928795737
1650.9709999999945 , 0.15009839287931037
1652.5599999999945 , 0.15009839287907192
1654.1489999999944 , 0.15009839287885604
1655.7379999999944 , 0.1500983928786605
1657.3269999999943 , 0.15009839287848342
1658.9159999999943 , 0.1500983928783231
1660.5049999999942 , 0.15009839287817792
1662.0939999999941 , 0.15009839287804644
1663.682999999994 , 0.15009839287792737
1665.271999999994 , 0.15009839287781956
1666.860999999994 , 0.15009839287772195
1668.449999999994 , 0.15009839287763355
1670.0389999999938 , 0.1500983928775535
1671.6279999999938 , 0.150098392877481
1673.2169999999937 , 0.1500983928774154
1674.8059999999937 , 0.1500983928773559
1676.3949999999936 , 0.1500983928773021
1677.9839999999936 , 0.15009839287725335
1679.5729999999935 , 0.15009839287720922
1681.1619999999934 , 0.15009839287716922
1682.7509999999934 , 0.15009839287713306
1684.3399999999933 , 0.15009839287710025
1685.9289999999933 , 0.1500983928770706
1687.5179999999932 , 0.1500983928770437
1689.1069999999931 , 0.15009839287701937
1690.695999999993 , 0.15009839287699736
1692.284999999993 , 0.1500983928769774
1693.873999999993 , 0.1500983928769593
1695.462999999993 , 0.15009839287694296
1697.0519999999929 , 0.15009839287692814
1698.6409999999928 , 0.1500983928769147
1700.2299999999927 , 0.15009839287690252
1701.8189999999927 , 0.15009839287689156
1703.4079999999926 , 0.1500983928768816
1704.9969999999926 , 0.15009839287687257
1706.5859999999925 , 0.1500983928768644
1708.1749999999925 , 0.150098392876857
1709.7639999999924 , 0.1500983928768503
1711.3529999999923 , 0.15009839287684426
1712.9419999999923 , 0.15009839287683874
1714.5309999999922 , 0.1500983928768338
1716.1199999999922 , 0.1500983928768293
1717.708999999992 , 0.1500983928768252
1719.297999999992 , 0.15009839287682153
1720.886999999992 , 0.15009839287681814
1722.475999999992 , 0.15009839287681515
1724.0649999999919 , 0.1500983928768124
1725.6539999999918 , 0.1500983928768099
1727.2429999999918 , 0.15009839287680768
1728.8319999999917 , 0.15009839287680563
1730.4209999999916 , 0.1500983928768038
1732.0099999999916 , 0.15009839287680213
1733.5989999999915 , 0.1500983928768006
1735.1879999999915 , 0.15009839287679924
1736.7769999999914 , 0.150098392876798
1738.3659999999913 , 0.15009839287679688
1739.9549999999913 , 0.15009839287679583
1741.5439999999912 , 0.1500983928767949
1743.1329999999912 , 0.1500983928767941
1744.721999999991 , 0.15009839287679333
1746.310999999991 , 0.15009839287679264
1747.899999999991 , 0.150098392876792
1749.488999999991 , 0.15009839287679144
1751.0779999999909 , 0.15009839287679097
1752.6669999999908 , 0.1500983928767905
1754.2559999999908 , 0.15009839287679008
1755.8449999999907 , 0.15009839287678972
1757.4339999999906 , 0.1500983928767894
1759.0229999999906 , 0.1500983928767891
1760.6119999999905 , 0.15009839287678878
1762.2009999999905 , 0.15009839287678856
1763.7899999999904 , 0.15009839287678833
1765.3789999999904 , 0.1500983928767881
1766.9679999999903 , 0.1500983928767879
1768.5569999999902 , 0.15009839287678775
1770.1459999999902 , 0.15009839287678758
1771.7349999999901 , 0.15009839287678745
1773.32399999999 , 0.15009839287678728
1774.91299999999 , 0.15009839287678717
1776.50199999999 , 0.15009839287678706
1778.09099999999 , 0.15009839287678697
1779.6799999999898 , 0.1500983928767869
1781.2689999999898 , 0.15009839287678683
1782.8579999999897 , 0.15009839287678672
1784.4469999999897 , 0.15009839287678667
1786.0359999999896 , 0.15009839287678658
1787.6249999999895 , 0.15009839287678656
1789.2139999999895 , 0.1500983928767865
1790.8029999999894 , 0.15009839287678647
1792.3919999999894 , 0.15009839287678645
1793.9809999999893 , 0.1500983928767864
1795.5699999999892 , 0.15009839287678636
1797.1589999999892 , 0.15009839287678634
1798.7479999999891 , 0.15009839287678634
1800.336999999989 , 0.15009839287678628
1801.925999999989 , 0.15009839287678625
1803.514999999989 , 0.15009839287678625
1805.103999999989 , 0.1500983928767862
1806.6929999999888 , 0.1500983928767862
1808.2819999999888 , 0.15009839287678617
1809.8709999999887 , 0.15009839287678617
1811.4599999999887 , 0.15009839287678617
1813.0489999999886 , 0.15009839287678617
1814.6379999999886 , 0.15009839287678617
1816.2269999999885 , 0.15009839287678617
1817.8159999999884 , 0.15009839287678617
1819.4049999999884 , 0.15009839287678617
1820.9939999999883 , 0.15009839287678617
1822.5829999999883 , 0.15009839287678617
1824.1719999999882 , 0.15009839287678617
1825.7609999999881 , 0.15009839287678617
1827.349999999988 , 0.15009839287678617
1828.938999999988 , 0.15009839287678617
1830.527999999988 , 0.15009839287678617
1832.116999999988 , 0.15009839287678617
1833.7059999999879 , 0.15009839287678617
1835.2949999999878 , 0.15009839287678617
1836.8839999999877 , 0.15009839287678617
1838.4729999999877 , 0.15009839287678617
1840.0619999999876 , 0.15009839287678617
1841.6509999999876 , 0.15009839287678617
1843.2399999999875 , 0.15009839287678617
1844.8289999999874 , 0.15009839287678617
1846.4179999999874 , 0.15009839287678617
1848.0069999999873 , 0.15009839287678617
1849.5959999999873 , 0.15009839287678617
1851.1849999999872 , 0.15009839287678617
1852.7739999999872 , 0.15009839287678617
1854.362999999987 , 0.15009839287678617
1855.951999999987 , 0.15009839287678617
1857.540999999987 , 0.15009839287678617
1859.129999999987 , 0.15009839287678617
1860.7189999999869 , 0.15009839287678617
1862.3079999999868 , 0.15009839287678617
1863.8969999999867 , 0.15009839287678617
1865.4859999999867 , 0.15009839287678617
1867.0749999999866 , 0.15009839287678617
1868.6639999999866 , 0.15009839287678617
1870.2529999999865 , 0.15009839287678617
1871.8419999999865 , 0.15009839287678617
1873.4309999999864 , 0.15009839287678617
1875.0199999999863 , 0.15009839287678617
1876.6089999999863 , 0.15009839287678617
1878.1979999999862 , 0.15009839287678617
1879.7869999999862 , 0.15009839287678617
1881.375999999986 , 0.15009839287678617
1882.964999999986 , 0.15009839287678617
1884.553999999986 , 0.15009839287678617
1886.142999999986 , 0.15009839287678617
1887.7319999999859 , 0.15009839287678617
1889.3209999999858 , 0.15009839287678617
1890.9099999999858 , 0.15009839287678617
1892.4989999999857 , 0.15009839287678617
1894.0879999999856 , 0.15009839287678617
1895.6769999999856 , 0.15009839287678617
1897.2659999999855 , 0.15009839287678617
1898.8549999999855 , 0.15009839287678617
1900.4439999999854 , 0.15009839287678617
1902.0329999999853 , 0.15009839287678617
1903.6219999999853 , 0.15009839287678617
1905.2109999999852 , 0.15009839287678617
1906.7999999999852 , 0.15009839287678617
1908.3889999999851 , 0.15009839287678617
1909.977999999985 , 0.15009839287678617
1911.566999999985 , 0.15009839287678617
1913.155999999985 , 0.15009839287678617
1914.7449999999849 , 0.15009839287678617
1916.3339999999848 , 0.15009839287678617
1917.9229999999848 , 0.15009839287678617
1919.5119999999847 , 0.15009839287678617
1921.1009999999847 , 0.15009839287678617
1922.6899999999846 , 0.15009839287678617
1924.2789999999845 , 0.15009839287678617
1925.8679999999845 , 0.15009839287678617
1927.4569999999844 , 0.15009839287678617
1929.0459999999844 , 0.15009839287678617
1930.6349999999843 , 0.15009839287678617
1932.2239999999842 , 0.15009839287678617
1933.8129999999842 , 0.15009839287678617
1935.4019999999841 , 0.15009839287678617
1936.990999999984 , 0.15009839287678617
1938.579999999984 , 0.15009839287678617
1940.168999999984 , 0.15009839287678617
1941.757999999984 , 0.15009839287678617
1943.3469999999838 , 0.15009839287678617
1944.9359999999838 , 0.15009839287678617
1946.5249999999837 , 0.15009839287678617
1948.1139999999837 , 0.15009839287678617
1949.7029999999836 , 0.15009839287678617
1951.2919999999835 , 0.15009839287678617
1952.8809999999835 , 0.15009839287678617
1954.4699999999834 , 0.15009839287678617
1956.0589999999834 , 0.15009839287678617
1957.6479999999833 , 0.15009839287678617
1959.2369999999833 , 0.15009839287678617
1960.8259999999832 , 0.15009839287678617
1962.4149999999831 , 0.15009839287678617
1964.003999999983 , 0.15009839287678617
1965.592999999983 , 0.15009839287678617
1967.181999999983 , 0.15009839287678617
1968.770999999983 , 0.15009839287678617
1970.3599999999828 , 0.15009839287678617
1971.9489999999828 , 0.15009839287678617
1973.5379999999827 , 0.15009839287678617
1975.1269999999827 , 0.15009839287678617
1976.7159999999826 , 0.15009839287678617
1978.3049999999826 , 0.15009839287678617
1979.8939999999825 , 0.15009839287678617
1981.4829999999824 , 0.15009839287678617
1983.0719999999824 , 0.15009839287678617
1984.6609999999823 , 0.15009839287678617
1986.2499999999823 , 0.15009839287678617
1987.8389999999822 , 0.15009839287678617
1989.4279999999821 , 0.15009839287678617
1991.016999999982 , 0.15009839287678617
1992.605999999982 , 0.15009839287678617
1994.194999999982 , 0.15009839287678617
1995.783999999982 , 0.15009839287678617
1997.3729999999819 , 0.15009839287678617
1998.9619999999818 , 0.15009839287678617
2000.0 , 0.15009839287678617
