0.0 , 1.0000000000000002
1.589 , 0.9601966698574106
3.178 , 0.9293483420629509
4.7669999999999995 , 0.9047087428418339
6.356 , 0.8845517452067928
7.945 , 0.867738587383741
9.534 , 0.8534877007309603
11.123000000000001 , 0.8412447554123533
12.712000000000002 , 0.8306055516260977
14.301000000000002 , 0.8212683089899523
15.890000000000002 , 0.8130030700948854
17.479000000000003 , 0.805631463259777
19.068 , 0.7990129514451921
20.657 , 0.7930352643874967
22.246 , 0.7876076001213187
23.834999999999997 , 0.7826557029879628
25.423999999999996 , 0.7781182398125726
27.012999999999995 , 0.7739440911119193
28.601999999999993 , 0.7700902982695258
30.190999999999992 , 0.7665204882396484
31.77999999999999 , 0.7632036507880374
33.36899999999999 , 0.7601131793570272
34.95799999999999 , 0.7572261114078054
36.54699999999999 , 0.7545225213542688
38.13599999999999 , 0.751985031405135
39.72499999999999 , 0.7495984143702379
41.313999999999986 , 0.7473492688219535
42.902999999999984 , 0.745225751648102
44.49199999999998 , 0.7432173564734368
46.08099999999998 , 0.7413147290017972
47.66999999999998 , 0.7395095122757416
49.25899999999998 , 0.7377942163313699
50.84799999999998 , 0.7361621078632168
52.436999999999976 , 0.7346071163942697
54.025999999999975 , 0.7331237541320463
55.614999999999974 , 0.7317070472299789
57.20399999999997 , 0.7303524765986597
58.79299999999997 , 0.7290559267492502
60.38199999999997 , 0.7278136414215488
61.97099999999997 , 0.7266221849663987
63.55999999999997 , 0.7254784086273599
65.14899999999997 , 0.7243794210093254
66.73799999999997 , 0.723322562137846
68.32699999999997 , 0.7223053806081984
69.91599999999997 , 0.7213256134019533
71.50499999999997 , 0.7203811680134303
73.09399999999997 , 0.7194701065823567
74.68299999999996 , 0.7185906317740912
76.27199999999996 , 0.7177410741860801
77.86099999999996 , 0.7169198810909514
79.44999999999996 , 0.7161256063529228
81.03899999999996 , 0.7153569013769816
82.62799999999996 , 0.7146125069690283
84.21699999999996 , 0.7138912460013103
85.80599999999995 , 0.7131920167916027
87.39499999999995 , 0.7125137871160334
88.98399999999995 , 0.7118555887855921
90.57299999999995 , 0.7112165127253764
92.16199999999995 , 0.7105957045026338
93.75099999999995 , 0.7099923602565332
95.33999999999995 , 0.7094057229880292
96.92899999999995 , 0.7088350791730127
98.51799999999994 , 0.7082797556663774
100.10699999999994 , 0.7077391168679356
101.69599999999994 , 0.7072125621249022
103.28499999999994 , 0.7066995233478927
104.87399999999994 , 0.7061994628204097
106.46299999999994 , 0.7057118711834238
108.05199999999994 , 0.7052362655791077
109.64099999999993 , 0.7047721879391282
111.22999999999993 , 0.7043192034043528
112.81899999999993 , 0.7038768988645813
114.40799999999993 , 0.7034448816075491
115.99699999999993 , 0.7030227780678199
117.58599999999993 , 0.7026102326669751
119.17499999999993 , 0.7022069067377473
120.76399999999992 , 0.7018124775239043
122.35299999999992 , 0.7014266372519999
123.94199999999992 , 0.701049092266339
125.53099999999992 , 0.7006795622240203
127.11999999999992 , 0.7003177793445376
128.70899999999992 , 0.6999634877098176
130.29799999999992 , 0.6996164426106986
131.88699999999992 , 0.6992764099363922
133.4759999999999 , 0.6989431656030575
135.0649999999999 , 0.6986164950202358
136.6539999999999 , 0.6982961925899379
138.2429999999999 , 0.6979820612379506
139.8319999999999 , 0.6976739119738816
141.4209999999999 , 0.6973715634786396
143.0099999999999 , 0.6970748417166659
144.5989999999999 , 0.696783579571842
146.1879999999999 , 0.6964976165048369
147.7769999999999 , 0.696216798230962
149.3659999999999 , 0.695940976416532
150.9549999999999 , 0.6956700083931175
152.5439999999999 , 0.6954037568879845
154.1329999999999 , 0.6951420897699127
155.7219999999999 , 0.6948848798093082
157.3109999999999 , 0.694632004451405
158.8999999999999 , 0.6943833456025472
160.4889999999999 , 0.6941387894276014
162.0779999999999 , 0.6938982261586649
163.6669999999999 , 0.6936615499136931
165.2559999999999 , 0.6934286585253663
166.84499999999989 , 0.693199453378212
168.43399999999988 , 0.6929738392548958
170.02299999999988 , 0.692751724190075
171.61199999999988 , 0.6925330193318956
173.20099999999988 , 0.6923176388105379
174.78999999999988 , 0.6921054996132171
176.37899999999988 , 0.691896521465789
177.96799999999988 , 0.6916906267197321
179.55699999999987 , 0.6914877402452514
181.14599999999987 , 0.6912877893291566
182.73499999999987 , 0.6910907035778018
184.32399999999987 , 0.6908964148248239
185.91299999999987 , 0.6907048570429608
187.50199999999987 , 0.690515966260432
189.09099999999987 , 0.690329680480822
190.67999999999986 , 0.6901459396070166
192.26899999999986 , 0.6899646853684609
193.85799999999986 , 0.6897858612517909
195.44699999999986 , 0.6896094124345403
197.03599999999986 , 0.689435285722082
198.62499999999986 , 0.6892634294870918
200.21399999999986 , 0.6890937936117231
201.80299999999986 , 0.6889263294325946
203.39199999999985 , 0.6887609896878542
204.98099999999985 , 0.6885977284668633
206.56999999999985 , 0.688436501161558
208.15899999999985 , 0.6882772644205034
209.74799999999985 , 0.6881199761045155
211.33699999999985 , 0.6879645952441347
212.92599999999985 , 0.6878110819990616
214.51499999999984 , 0.6876593976190842
216.10399999999984 , 0.6875095044068712
217.69299999999984 , 0.687361365682011
219.28199999999984 , 0.6872149457466539
220.87099999999984 , 0.6870702098525945
222.45999999999984 , 0.6869271241695062
224.04899999999984 , 0.6867856557545948
225.63799999999983 , 0.6866457725234598
227.22699999999983 , 0.6865074432219769
228.81599999999983 , 0.6863706373992717
230.40499999999983 , 0.6862353253818901
231.99399999999983 , 0.6861014782488364
233.58299999999983 , 0.6859690678078149
235.17199999999983 , 0.6858380665718029
236.76099999999983 , 0.6857084477371211
238.34999999999982 , 0.6855801851621717
239.93899999999982 , 0.6854532533465949
241.52799999999982 , 0.6853276274117964
243.11699999999982 , 0.6852032830817251
244.70599999999982 , 0.685080196664417
246.29499999999982 , 0.6849583450344859
247.88399999999982 , 0.6848377056160442
249.47299999999981 , 0.6847182563661725
251.0619999999998 , 0.6845999757590209
252.6509999999998 , 0.6844828427708407
254.2399999999998 , 0.6843668368647535
255.8289999999998 , 0.6842519379768865
257.41799999999984 , 0.6841381265025365
259.00699999999983 , 0.6840253832828689
260.59599999999983 , 0.6839136895920722
262.18499999999983 , 0.6838030271251211
263.77399999999983 , 0.683693377985744
265.36299999999983 , 0.6835847246748822
266.9519999999998 , 0.6834770500796564
268.5409999999998 , 0.683370337462301
270.1299999999998 , 0.6832645704500792
271.7189999999998 , 0.6831597330250244
273.3079999999998 , 0.6830558095142104
274.8969999999998 , 0.6829527845805035
276.4859999999998 , 0.6828506432131091
278.0749999999998 , 0.6827493707189916
279.6639999999998 , 0.6826489527143795
281.2529999999998 , 0.6825493751162462
282.8419999999998 , 0.6824506241346386
284.4309999999998 , 0.6823526862645092
286.0199999999998 , 0.6822555482787236
287.6089999999998 , 0.6821591972204262
289.1979999999998 , 0.6820636203960581
290.7869999999998 , 0.6819688053684574
292.3759999999998 , 0.6818747399506099
293.9649999999998 , 0.6817814121989627
295.5539999999998 , 0.6816888104069417
297.1429999999998 , 0.6815969230995258
298.7319999999998 , 0.6815057390269289
300.3209999999998 , 0.6814152471591945
301.9099999999998 , 0.6813254366804893
303.4989999999998 , 0.6812362969838875
305.0879999999998 , 0.6811478176661947
306.6769999999998 , 0.6810599885229385
308.2659999999998 , 0.6809727995433884
309.8549999999998 , 0.680886240905899
311.4439999999998 , 0.680800302973205
313.0329999999998 , 0.6807149762882552
314.6219999999998 , 0.6806302515694991
316.2109999999998 , 0.6805461197067691
317.7999999999998 , 0.6804625717574159
319.3889999999998 , 0.6803795989419474
320.9779999999998 , 0.6802971926406434
322.5669999999998 , 0.6802153443893393
324.1559999999998 , 0.6801340458759113
325.7449999999998 , 0.6800532889369749
327.3339999999998 , 0.6799730655539691
328.9229999999998 , 0.6798933678500546
330.5119999999998 , 0.6798141880871368
332.1009999999998 , 0.6797355186621264
333.68999999999977 , 0.6796573521040097
335.27899999999977 , 0.679579681071333
336.86799999999977 , 0.6795024983485083
338.45699999999977 , 0.67942579684332
340.04599999999976 , 0.6793495695844189
341.63499999999976 , 0.6792738097180298
343.22399999999976 , 0.6791985105058401
344.81299999999976 , 0.6791236653222588
346.40199999999976 , 0.6790492676518693
347.99099999999976 , 0.6789753110869393
349.57999999999976 , 0.6789017893252838
351.16899999999976 , 0.6788286961677182
352.75799999999975 , 0.6787560255157329
354.34699999999975 , 0.678683771369788
355.93599999999975 , 0.6786119278267574
357.52499999999975 , 0.678540489077918
359.11399999999975 , 0.6784694494069519
360.70299999999975 , 0.6783988031878921
362.29199999999975 , 0.678328544883304
363.88099999999974 , 0.678258669042541
365.46999999999974 , 0.6781891702995669
367.05899999999974 , 0.6781200433714283
368.64799999999974 , 0.6780512830563411
370.23699999999974 , 0.6779828842319043
371.82599999999974 , 0.6779148418539452
373.41499999999974 , 0.6778471509541741
375.00399999999973 , 0.677779806639219
376.59299999999973 , 0.677712804088822
378.18199999999973 , 0.6776461385540826
379.77099999999973 , 0.6775798053563349
381.35999999999973 , 0.6775137998859662
382.9489999999997 , 0.6774481176001736
384.5379999999997 , 0.6773827540224371
386.1269999999997 , 0.6773177047403387
387.7159999999997 , 0.6772529654050279
389.3049999999997 , 0.6771885317297874
390.8939999999997 , 0.677124399488352
392.4829999999997 , 0.6770605645140688
394.0719999999997 , 0.6769970226987082
395.6609999999997 , 0.6769337699910417
397.2499999999997 , 0.6768708023958557
398.8389999999997 , 0.6768081159727954
400.4279999999997 , 0.6767457068354306
402.0169999999997 , 0.6766835711499646
403.6059999999997 , 0.6766217051343968
405.1949999999997 , 0.6765601050572538
406.7839999999997 , 0.6764987672368741
408.3729999999997 , 0.6764376880401122
409.9619999999997 , 0.6763768638818473
411.5509999999997 , 0.6763162912235096
413.1399999999997 , 0.6762559665724086
414.7289999999997 , 0.6761958864808394
416.3179999999997 , 0.676136047545472
417.9069999999997 , 0.6760764464062009
419.4959999999997 , 0.6760170797451617
421.0849999999997 , 0.6759579442859854
422.6739999999997 , 0.6758990367933629
424.2629999999997 , 0.6758403540717582
425.8519999999997 , 0.6757818929652707
427.4409999999997 , 0.6757236503561138
429.0299999999997 , 0.6756656231643329
430.6189999999997 , 0.6756078083467605
432.2079999999997 , 0.6755502028970514
433.7969999999997 , 0.6754928038442433
435.3859999999997 , 0.6754356082519438
436.9749999999997 , 0.6753786132182378
438.5639999999997 , 0.6753218158752311
440.1529999999997 , 0.675265213387255
441.7419999999997 , 0.6752088029518091
443.3309999999997 , 0.6751525817971951
444.9199999999997 , 0.675096547183448
446.5089999999997 , 0.6750406964007416
448.0979999999997 , 0.6749850267694891
449.68699999999967 , 0.674929535639199
451.27599999999967 , 0.674874220388187
452.86499999999967 , 0.6748190784231166
454.45399999999967 , 0.6747641071783257
456.04299999999967 , 0.6747093041152701
457.63199999999966 , 0.6746546667220268
459.22099999999966 , 0.6746001925128736
460.80999999999966 , 0.6745458790276647
462.39899999999966 , 0.6744917238315793
463.98799999999966 , 0.674437724514235
465.57699999999966 , 0.6743838786894911
467.16599999999966 , 0.6743301839947969
468.75499999999965 , 0.67427663809114
470.34399999999965 , 0.6742232386620967
471.93299999999965 , 0.6741699834135727
473.52199999999965 , 0.6741168700736608
475.11099999999965 , 0.6740638963916906
476.69999999999965 , 0.6740110601381017
478.28899999999965 , 0.6739583591042088
479.87799999999964 , 0.6739057911012815
481.46699999999964 , 0.6738533539605218
483.05599999999964 , 0.6738010455328858
484.64499999999964 , 0.6737488636880052
486.23399999999964 , 0.6736968063145603
487.82299999999964 , 0.6736448713192978
489.41199999999964 , 0.6735930566270809
491.00099999999964 , 0.6735413601803024
492.58999999999963 , 0.6734897799385079
494.17899999999963 , 0.6734383138783351
495.76799999999963 , 0.6733869599926933
497.35699999999963 , 0.6733357162910015
498.94599999999963 , 0.67328458079835
500.5349999999996 , 0.6732335515553147
502.1239999999996 , 0.6731826266177929
503.7129999999996 , 0.6731318040565808
505.3019999999996 , 0.6730810819569761
506.8909999999996 , 0.6730304584185253
508.4799999999996 , 0.6729799315549596
510.0689999999996 , 0.6729294994934337
511.6579999999996 , 0.672879160374345
513.2469999999996 , 0.6728289123516006
514.8359999999997 , 0.6727787535914614
516.4249999999997 , 0.6727286822726711
518.0139999999998 , 0.6726786965864782
519.6029999999998 , 0.6726287947357389
521.1919999999999 , 0.6725789749351698
522.781 , 0.6725292354107496
524.37 , 0.6724795743996893
525.9590000000001 , 0.6724299901497758
527.5480000000001 , 0.6723804809199421
529.1370000000002 , 0.6723310449787534
530.7260000000002 , 0.6722816806052442
532.3150000000003 , 0.6722323860879734
533.9040000000003 , 0.6721831597253609
535.4930000000004 , 0.6721339998253859
537.0820000000004 , 0.6720849047043418
538.6710000000005 , 0.6720358726878798
540.2600000000006 , 0.671986902110049
541.8490000000006 , 0.6719379913134536
543.4380000000007 , 0.6718891386486945
545.0270000000007 , 0.6718403424741524
546.6160000000008 , 0.6717916011561421
548.2050000000008 , 0.6717429130681385
549.7940000000009 , 0.6716942765909792
551.383000000001 , 0.6716456901124888
552.972000000001 , 0.6715971520271017
554.5610000000011 , 0.6715486607358336
556.1500000000011 , 0.6715002146465514
557.7390000000012 , 0.671451812172487
559.3280000000012 , 0.6714034517330368
560.9170000000013 , 0.6713551317534928
562.5060000000013 , 0.6713068506642034
564.0950000000014 , 0.6712586069012854
565.6840000000014 , 0.6712103989058235
567.2730000000015 , 0.671162225123425
568.8620000000016 , 0.6711140840044801
570.4510000000016 , 0.6710659740038776
572.0400000000017 , 0.6710178935808957
573.6290000000017 , 0.6709698411987988
575.2180000000018 , 0.6709218153244675
576.8070000000018 , 0.6708738144287056
578.3960000000019 , 0.67082583698556
579.985000000002 , 0.6707778814725184
581.574000000002 , 0.6707299463699077
583.1630000000021 , 0.6706820301612775
584.7520000000021 , 0.6706341313327601
586.3410000000022 , 0.6705862483724617
587.9300000000022 , 0.6705383797715904
589.5190000000023 , 0.6704905240228807
591.1080000000023 , 0.670442679621059
592.6970000000024 , 0.6703948450627394
594.2860000000024 , 0.6703470188456501
595.8750000000025 , 0.6702991994696456
597.4640000000026 , 0.6702513854350705
599.0530000000026 , 0.6702035752433235
600.6420000000027 , 0.6701557673968364
602.2310000000027 , 0.6701079603983414
603.8200000000028 , 0.6700601527511522
605.4090000000028 , 0.6700123429587578
606.9980000000029 , 0.6699645295243657
608.587000000003 , 0.6699167109516211
610.176000000003 , 0.6698688857435429
611.765000000003 , 0.6698210524022351
613.3540000000031 , 0.669773209429625
614.9430000000032 , 0.6697253553267049
616.5320000000032 , 0.6696774885929289
618.1210000000033 , 0.6696296077267405
619.7100000000033 , 0.6695817112251158
621.2990000000034 , 0.6695337975834944
622.8880000000034 , 0.6694858652951425
624.4770000000035 , 0.6694379128513828
626.0660000000036 , 0.6693899387414813
627.6550000000036 , 0.6693419414519806
629.2440000000037 , 0.6692939194671241
630.8330000000037 , 0.6692458712682953
632.4220000000038 , 0.6691977953337027
634.0110000000038 , 0.6691496901385052
635.6000000000039 , 0.6691015541545118
637.189000000004 , 0.6690533858497512
638.778000000004 , 0.6690051836888066
640.367000000004 , 0.6689569461318833
641.9560000000041 , 0.6689086716354151
643.5450000000042 , 0.6688603586511992
645.1340000000042 , 0.6688120056265575
646.7230000000043 , 0.668763611004018
648.3120000000043 , 0.6687151732211661
649.9010000000044 , 0.6686666907104152
651.4900000000044 , 0.6686181618989072
653.0790000000045 , 0.6685695852080925
654.6680000000046 , 0.6685209590536103
656.2570000000046 , 0.6684722818450252
657.8460000000047 , 0.6684235519859671
659.4350000000047 , 0.6683747678733964
661.0240000000048 , 0.6683259278977212
662.6130000000048 , 0.6682770304425011
664.2020000000049 , 0.6682280738842516
665.7910000000049 , 0.6681790565921284
667.380000000005 , 0.6681299769278536
668.969000000005 , 0.668080833245442
670.5580000000051 , 0.6680316238908552
672.1470000000052 , 0.6679823472018412
673.7360000000052 , 0.6679330015079936
675.3250000000053 , 0.6678835851300408
676.9140000000053 , 0.6678340963797728
678.5030000000054 , 0.6677845335600423
680.0920000000054 , 0.6677348949642297
681.6810000000055 , 0.6676851788760699
683.2700000000056 , 0.6676353835697008
684.8590000000056 , 0.6675855073089495
686.4480000000057 , 0.6675355483473288
688.0370000000057 , 0.6674855049278512
689.6260000000058 , 0.6674353752827261
691.2150000000058 , 0.6673851576327988
692.8040000000059 , 0.6673348501878335
694.3930000000059 , 0.6672844511458037
695.982000000006 , 0.6672339586929289
697.571000000006 , 0.6671833710030235
699.1600000000061 , 0.6671326862377605
700.7490000000062 , 0.6670819025458122
702.3380000000062 , 0.6670310180629808
703.9270000000063 , 0.6669800309118369
705.5160000000063 , 0.666928939201054
707.1050000000064 , 0.6668777410259195
708.6940000000064 , 0.6668264344672945
710.2830000000065 , 0.6667750175914193
711.8720000000066 , 0.6667234884498922
713.4610000000066 , 0.6666718450793437
715.0500000000067 , 0.666620085500845
716.6390000000067 , 0.6665682077197882
718.2280000000068 , 0.6665162097255183
719.8170000000068 , 0.6664640894910668
721.4060000000069 , 0.6664118449726504
722.9950000000069 , 0.6663594741094613
724.584000000007 , 0.6663069748233712
726.173000000007 , 0.6662543450183723
727.7620000000071 , 0.6662015825805173
729.3510000000072 , 0.6661486853772821
730.9400000000072 , 0.6660956512574262
732.5290000000073 , 0.6660424780504142
734.1180000000073 , 0.6659891635662427
735.7070000000074 , 0.6659357055949041
737.2960000000074 , 0.6658821019059707
738.8850000000075 , 0.6658283502483868
740.4740000000075 , 0.6657744483500254
742.0630000000076 , 0.665720393917013
743.6520000000077 , 0.6656661846336376
745.2410000000077 , 0.6656118181617828
746.8300000000078 , 0.6655572921404228
748.4190000000078 , 0.6655026041853955
750.0080000000079 , 0.6654477518888087
751.5970000000079 , 0.6653927328185821
753.186000000008 , 0.6653375445180978
754.775000000008 , 0.6652821845055176
756.3640000000081 , 0.6652266502735732
757.9530000000082 , 0.6651709392888066
759.5420000000082 , 0.665115048991376
761.1310000000083 , 0.6650589767943591
762.7200000000083 , 0.6650027200831482
764.3090000000084 , 0.6649462762151864
765.8980000000084 , 0.6648896425192669
767.4870000000085 , 0.6648328162950055
769.0760000000085 , 0.6647757948123929
770.6650000000086 , 0.6647185753110775
772.2540000000087 , 0.6646611549999083
773.8430000000087 , 0.6646035310562919
775.4320000000088 , 0.6645457006256213
777.0210000000088 , 0.6644876608206323
778.6100000000089 , 0.6644294087210075
780.1990000000089 , 0.6643709413723493
781.788000000009 , 0.6643122557858256
783.377000000009 , 0.6642533489374999
784.9660000000091 , 0.664194217767522
786.5550000000092 , 0.664134859179602
788.1440000000092 , 0.6640752700402598
789.7330000000093 , 0.6640154471780483
791.3220000000093 , 0.6639553873829043
792.9110000000094 , 0.663895087405462
794.5000000000094 , 0.6638345439561553
796.0890000000095 , 0.6637737537046068
797.6780000000095 , 0.6637127132788289
799.2670000000096 , 0.6636514192641944
800.8560000000097 , 0.6635898682030149
802.4450000000097 , 0.6635280565933577
804.0340000000098 , 0.6634659808883964
805.6230000000098 , 0.6634036374955314
807.2120000000099 , 0.6633410227753463
808.8010000000099 , 0.663278133040905
810.39000000001 , 0.6632149645567558
811.97900000001 , 0.6631515135378938
813.5680000000101 , 0.6630877761490315
815.1570000000102 , 0.6630237485033363
816.7460000000102 , 0.6629594266616348
818.3350000000103 , 0.6628948066313292
819.9240000000103 , 0.6628298843652543
821.5130000000104 , 0.6627646557607845
823.1020000000104 , 0.6626991166585919
824.6910000000105 , 0.6626332628415668
826.2800000000105 , 0.662567090033701
827.8690000000106 , 0.6625005938989477
829.4580000000107 , 0.662433770039935
831.0470000000107 , 0.6623666139968141
832.6360000000108 , 0.6622991212459629
834.2250000000108 , 0.6622312871987734
835.8140000000109 , 0.6621631072002869
837.4030000000109 , 0.6620945765278868
838.992000000011 , 0.6620256903898738
840.581000000011 , 0.6619564439241478
842.1700000000111 , 0.6618868321967726
843.7590000000112 , 0.6618168502004421
845.3480000000112 , 0.6617464928530139
846.9370000000113 , 0.6616757549960073
848.5260000000113 , 0.6616046313929818
850.1150000000114 , 0.6615331167279562
851.7040000000114 , 0.6614612056037689
853.2930000000115 , 0.6613888925403382
854.8820000000115 , 0.6613161719730392
856.4710000000116 , 0.6612430382508198
858.0600000000117 , 0.6611694856344881
859.6490000000117 , 0.6610955082947938
861.2380000000118 , 0.6610211003105343
862.8270000000118 , 0.6609462556666565
864.4160000000119 , 0.6608709682521816
866.0050000000119 , 0.6607952318582523
867.594000000012 , 0.660719040175925
869.183000000012 , 0.6606423867941715
870.7720000000121 , 0.6605652651975202
872.3610000000122 , 0.6604876687638842
873.9500000000122 , 0.6604095907622713
875.5390000000123 , 0.6603310243503369
877.1280000000123 , 0.6602519625719776
878.7170000000124 , 0.6601723983548713
880.3060000000124 , 0.6600923245078612
881.8950000000125 , 0.660011733718371
883.4840000000125 , 0.6599306185496889
885.0730000000126 , 0.6598489714381953
886.6620000000127 , 0.6597667846905397
888.2510000000127 , 0.6596840504807107
889.8400000000128 , 0.6596007608470754
891.4290000000128 , 0.6595169076892496
893.0180000000129 , 0.6594324827650175
894.6070000000129 , 0.6593474776870584
896.196000000013 , 0.6592618839195937
897.785000000013 , 0.6591756927750277
899.3740000000131 , 0.6590888954103964
900.9630000000132 , 0.659001482823798
902.5520000000132 , 0.6589134458506697
904.1410000000133 , 0.6588247751599723
905.7300000000133 , 0.6587354612502968
907.3190000000134 , 0.6586454944458564
908.9080000000134 , 0.6585548648923246
910.4970000000135 , 0.6584635625526207
912.0860000000135 , 0.6583715772024904
913.6750000000136 , 0.6582788984260733
915.2640000000137 , 0.6581855156112508
916.8530000000137 , 0.6580914179448834
918.4420000000138 , 0.6579965944079552
920.0310000000138 , 0.6579010337705075
921.6200000000139 , 0.65780472458648
923.2090000000139 , 0.6577076551883798
924.798000000014 , 0.6576098136818035
926.387000000014 , 0.6575111879397735
927.9760000000141 , 0.6574117655969205
929.5650000000142 , 0.6573115340435322
931.1540000000142 , 0.6572104804193347
932.7430000000143 , 0.6571085916072031
934.3320000000143 , 0.6570058542265412
935.9210000000144 , 0.6569022546266029
937.5100000000144 , 0.6567977788795236
939.0990000000145 , 0.6566924127731341
940.6880000000145 , 0.6565861418036136
942.2770000000146 , 0.6564789511678517
943.8660000000147 , 0.6563708257556101
945.4550000000147 , 0.6562617501414292
947.0440000000148 , 0.6561517085762716
948.6330000000148 , 0.6560406849789201
950.2220000000149 , 0.6559286629270631
951.8110000000149 , 0.6558156256481722
953.400000000015 , 0.6557015560099713
954.989000000015 , 0.6555864365107125
956.5780000000151 , 0.6554702492690737
958.1670000000152 , 0.6553529760137374
959.7560000000152 , 0.6552345980726262
961.3450000000153 , 0.6551150963617857
962.9340000000153 , 0.6549944513739163
964.5230000000154 , 0.6548726431664899
966.1120000000154 , 0.6547496513494753
967.7010000000155 , 0.654625455072686
969.2900000000155 , 0.6545000330126551
970.8790000000156 , 0.6543733633590745
972.4680000000156 , 0.6542454238007862
974.0570000000157 , 0.6541161915112778
975.6460000000158 , 0.6539856431336486
977.2350000000158 , 0.6538537547651341
978.8240000000159 , 0.6537205019409881
980.4130000000159 , 0.6535858596178685
982.002000000016 , 0.6534498021565888
983.591000000016 , 0.6533123033042851
985.1800000000161 , 0.6531733361759332
986.7690000000161 , 0.6530328732351975
988.3580000000162 , 0.6528908862745759
989.9470000000163 , 0.6527473463948497
991.5360000000163 , 0.6526022239837543
993.1250000000164 , 0.6524554886938596
994.7140000000164 , 0.6523071094196442
996.3030000000165 , 0.6521570542737153
997.8920000000165 , 0.6520052905621171
999.4810000000166 , 0.6518517847587186
1001.0700000000166 , 0.6516965024786204
1002.6590000000167 , 0.6515394084505608
1004.2480000000168 , 0.6513804664882322
1005.8370000000168 , 0.6512196394605049
1007.4260000000169 , 0.6510568892605147
1009.0150000000169 , 0.6508921767734115
1010.604000000017 , 0.6507254618430716
1012.193000000017 , 0.6505567032372521
1013.7820000000171 , 0.6503858586114847
1015.3710000000171 , 0.6502128844714662
1016.9600000000172 , 0.6500377361339523
1018.5490000000173 , 0.6498603676860417
1020.1380000000173 , 0.6496807319428031
1021.7270000000174 , 0.6494987804031312
1023.3160000000174 , 0.649314463203799
1024.9050000000175 , 0.6491277290715581
1026.4940000000174 , 0.6489385252732505
1028.0830000000174 , 0.6487467975637761
1029.6720000000173 , 0.648552490131866
1031.2610000000172 , 0.6483555455435084
1032.8500000000172 , 0.6481559046829373
1034.4390000000171 , 0.6479535066910465
1036.028000000017 , 0.6477482889011018
1037.617000000017 , 0.6475401867716192
1039.206000000017 , 0.6473291338162819
1040.795000000017 , 0.6471150615305813
1042.3840000000168 , 0.6468978993154284
1043.9730000000168 , 0.6466775743970173
1045.5620000000167 , 0.6464540117436314
1047.1510000000167 , 0.6462271339767242
1048.7400000000166 , 0.6459968612806433
1050.3290000000165 , 0.6457631113063138
1051.9180000000165 , 0.6455257990708148
1053.5070000000164 , 0.6452848368522415
1055.0960000000164 , 0.6450401340794683
1056.6850000000163 , 0.6447915972166586
1058.2740000000163 , 0.6445391296421895
1059.8630000000162 , 0.6442826315215713
1061.4520000000161 , 0.6440219996742094
1063.041000000016 , 0.6437571274334737
1064.630000000016 , 0.6434879044998236
1066.219000000016 , 0.6432142167864854
1067.808000000016 , 0.6429359462573452
1069.3970000000159 , 0.6426529707564556
1070.9860000000158 , 0.6423651638288342
1072.5750000000157 , 0.6420723945318847
1074.1640000000157 , 0.6417745272369086
1075.7530000000156 , 0.6414714214202009
1077.3420000000156 , 0.6411629314429569
1078.9310000000155 , 0.6408489063193304
1080.5200000000154 , 0.6405291894719543
1082.1090000000154 , 0.6402036184741163
1083.6980000000153 , 0.6398720247776981
1085.2870000000153 , 0.6395342334260283
1086.8760000000152 , 0.63919006275061
1088.4650000000152 , 0.6388393240507347
1090.054000000015 , 0.6384818212548357
1091.643000000015 , 0.6381173505623323
1093.232000000015 , 0.6377457000647803
1094.821000000015 , 0.6373666493447667
1096.4100000000149 , 0.6369799690511854
1097.9990000000148 , 0.6365854204492146
1099.5880000000147 , 0.6361827549432242
1101.1770000000147 , 0.6357717135708064
1102.7660000000146 , 0.6353520264658024
1104.3550000000146 , 0.6349234122882194
1105.9440000000145 , 0.6344855776185998
1107.5330000000145 , 0.6340382163143319
1109.1220000000144 , 0.6335810088250947
1110.7110000000143 , 0.6331136214644479
1112.3000000000143 , 0.6326357056343255
1113.8890000000142 , 0.6321468969989058
1115.4780000000142 , 0.6316468146040323
1117.067000000014 , 0.6311350599380618
1118.656000000014 , 0.6306112159296122
1120.245000000014 , 0.630074845877345
1121.834000000014 , 0.6295254923064479
1123.4230000000139 , 0.6289626757460398
1125.0120000000138 , 0.6283858934211936
1126.6010000000138 , 0.6277946178527143
1128.1900000000137 , 0.6271882953571858
1129.7790000000136 , 0.6265663444391254
1131.3680000000136 , 0.6259281540663131
1132.9570000000135 , 0.6252730818185743
1134.5460000000135 , 0.6246004518993501
1136.1350000000134 , 0.6239095529983931
1137.7240000000133 , 0.6231996359928655
1139.3130000000133 , 0.6224699114728144
1140.9020000000132 , 0.6217195470757478
1142.4910000000132 , 0.620947664613461
1144.0800000000131 , 0.6201533369727086
1145.669000000013 , 0.6193355847694642
1147.258000000013 , 0.6184933727344538
1148.847000000013 , 0.6176256058055631
1150.4360000000129 , 0.6167311249001464
1152.0250000000128 , 0.6158087023376451
1153.6140000000128 , 0.6148570368798844
1155.2030000000127 , 0.6138747483531424
1156.7920000000126 , 0.6128603718124177
1158.3810000000126 , 0.6118123512043114
1159.9700000000125 , 0.6107290324804426
1161.5590000000125 , 0.6096086561085162
1163.1480000000124 , 0.6084493489227052
1164.7370000000124 , 0.6072491152489173
1166.3260000000123 , 0.6060058272346159
1167.9150000000122 , 0.6047172143049103
1169.5040000000122 , 0.6033808516596406
1171.0930000000121 , 0.6019941477174245
1172.682000000012 , 0.6005543304037751
1174.271000000012 , 0.5990584321706381
1175.860000000012 , 0.5975032736246066
1177.449000000012 , 0.5958854456301672
1179.0380000000118 , 0.5942012897435214
1180.6270000000118 , 0.5924468768212499
1182.2160000000117 , 0.5906179836373973
1183.8050000000117 , 0.5887100673326107
1185.3940000000116 , 0.5867182375104201
1186.9830000000115 , 0.5846372257904972
1188.5720000000115 , 0.5824613526262105
1190.1610000000114 , 0.5801844911982018
1191.7500000000114 , 0.5778000282101862
1193.3390000000113 , 0.5753008214354093
1194.9280000000113 , 0.5726791539060194
1196.5170000000112 , 0.56992668470141
1198.1060000000111 , 0.5670343963875019
1199.695000000011 , 0.5639925392963733
1201.284000000011 , 0.5607905730287394
1202.873000000011 , 0.5574171058284332
1204.462000000011 , 0.553859832842016
1206.0510000000108 , 0.5501054747596819
1207.6400000000108 , 0.5461397190000402
1209.2290000000107 , 0.5419471664346233
1210.8180000000107 , 0.5375112877851581
1212.4070000000106 , 0.5328143952601241
1213.9960000000106 , 0.5278376368234098
1215.5850000000105 , 0.5225610227808115
1217.1740000000104 , 0.5169634971764016
1218.7630000000104 , 0.511023069844846
1220.3520000000103 , 0.5047170288314998
1221.9410000000103 , 0.4980222571244355
1223.5300000000102 , 0.4909156818817558
1225.1190000000101 , 0.4833748880383815
1226.70800000001 , 0.47537893008851134
1228.29700000001 , 0.46690937464053484
1229.88600000001 , 0.4579515994541988
1231.47500000001 , 0.44849635936796756
1233.0640000000099 , 0.4385416024206753
1234.6530000000098 , 0.42809447770487735
1236.2420000000097 , 0.4171734190356212
1237.8310000000097 , 0.4058101183198837
1239.4200000000096 , 0.39405112924917024
1241.0090000000096 , 0.3819587836127513
1242.5980000000095 , 0.36961108511674556
1244.1870000000094 , 0.3571002970703276
1245.7760000000094 , 0.3445300794948955
1247.3650000000093 , 0.3320112529319514
1248.9540000000093 , 0.3196565309146201
1250.5430000000092 , 0.30757480026917294
1252.1320000000092 , 0.2958656594620605
1253.721000000009 , 0.2846148976292474
1255.310000000009 , 0.2738914122802111
1256.899000000009 , 0.26374577998466125
1258.488000000009 , 0.25421039991533023
1260.0770000000089 , 0.24530090452931858
1261.6660000000088 , 0.23701841668874815
1263.2550000000087 , 0.22935222601836389
1264.8440000000087 , 0.22228252726352582
1266.4330000000086 , 0.2157829686381471
1268.0220000000086 , 0.20982286445461246
1269.6110000000085 , 0.20436901343397088
1271.2000000000085 , 0.19938712474479098
1272.7890000000084 , 0.1948428895536021
1274.3780000000083 , 0.19070275229879946
1275.9670000000083 , 0.18693443941116356
1277.5560000000082 , 0.18350729929031642
1279.1450000000082 , 0.18039249991425754
1280.734000000008 , 0.17756312203754704
1282.323000000008 , 0.1749941779081457
1283.912000000008 , 0.17266257844073113
1285.501000000008 , 0.17054706605340414
1287.0900000000079 , 0.1686281258135759
1288.6790000000078 , 0.166887884042359
1290.2680000000078 , 0.16531000087811448
1291.8570000000077 , 0.1638795613306812
1293.4460000000076 , 0.16258296791534815
1295.0350000000076 , 0.16140783690133279
1296.6240000000075 , 0.16034289946174118
1298.2130000000075 , 0.15937790846598218
1299.8020000000074 , 0.15850355128416305
1301.3910000000074 , 0.15771136870769117
1302.9800000000073 , 0.1569936799127361
1304.5690000000072 , 0.15634351327516716
1306.1580000000072 , 0.15575454277078166
1307.7470000000071 , 0.15522102965039047
1309.336000000007 , 0.15473776905687328
1310.925000000007 , 0.15430004124365787
1312.514000000007 , 0.1539035670569577
1314.103000000007 , 0.1535444673537798
1315.6920000000068 , 0.1532192260416133
1317.2810000000068 , 0.1529246564426392
1318.8700000000067 , 0.15265787070300418
1320.4590000000067 , 0.15241625198765957
1322.0480000000066 , 0.15219742921820162
1323.6370000000065 , 0.15199925413086024
1325.2260000000065 , 0.1518197804486941
1326.8150000000064 , 0.15165724497884045
1328.4040000000064 , 0.15151005046136024
1329.9930000000063 , 0.15137675001088763
1331.5820000000062 , 0.15125603300595286
1333.1710000000062 , 0.15114671229348745
1334.7600000000061 , 0.1510477125876852
1336.349000000006 , 0.15095805995314232
1337.938000000006 , 0.15087687227205915
1339.527000000006 , 0.150803350604321
1341.116000000006 , 0.15073677135754818
1342.7050000000058 , 0.1506764791917646
1344.2940000000058 , 0.15062188059022527
1345.8830000000057 , 0.15057243803423828
1347.4720000000057 , 0.15052766472554177
1349.0610000000056 , 0.1504871198050121
1350.6500000000055 , 0.15045040402122567
1352.2390000000055 , 0.15041715580671272
1353.8280000000054 , 0.15038704772365732
1355.4170000000054 , 0.1503597832443628
1357.0060000000053 , 0.15033509383504443
1358.5950000000053 , 0.15031273631443914
1360.1840000000052 , 0.15029249046139145
1361.7730000000051 , 0.150274156847991
1363.362000000005 , 0.15025755487704823
1364.951000000005 , 0.15024252100464655
1366.540000000005 , 0.15022890713012382
1368.129000000005 , 0.1502165791388742
1369.7180000000048 , 0.1502054155811875
1371.3070000000048 , 0.15019530647698662
1372.8960000000047 , 0.15018615223271461
1374.4850000000047 , 0.15017786266053526
1376.0740000000046 , 0.15017035609016743
1377.6630000000046 , 0.1501635585649239
1379.2520000000045 , 0.15015740311291245
1380.8410000000044 , 0.15015182908763683
1382.4300000000044 , 0.15014678157059033
1384.0190000000043 , 0.1501422108303177
1385.6080000000043 , 0.15013807183255234
1387.1970000000042 , 0.15013432379648095
1388.7860000000042 , 0.1501309297933303
1390.375000000004 , 0.150127856382647
1391.964000000004 , 0.150125073281866
1393.553000000004 , 0.15012255306909317
1395.142000000004 , 0.1501202709125687
1396.7310000000039 , 0.15011820432602738
1398.3200000000038 , 0.15011633294716364
1399.9090000000037 , 0.1501146383370185
1401.4980000000037 , 0.1501131037983143
1403.0870000000036 , 0.15011171421094666
1404.6760000000036 , 0.1501104558830153
1406.2650000000035 , 0.1501093164159216
1407.8540000000035 , 0.15010828458220823
1409.4430000000034 , 0.15010735021496444
1411.0320000000033 , 0.1501065041075767
1412.6210000000033 , 0.1501057379230953
1414.2100000000032 , 0.15010504411206593
1415.7990000000032 , 0.15010441583814665
1417.388000000003 , 0.15010384691074738
1418.977000000003 , 0.15010333172403295
1420.566000000003 , 0.1501028652016887
1422.155000000003 , 0.15010244274690382
1423.7440000000029 , 0.1501020601970772
1425.3330000000028 , 0.15010171378280462
1426.9220000000028 , 0.15010140009073616
1428.5110000000027 , 0.15010111602994494
1430.1000000000026 , 0.1501008588014715
1431.6890000000026 , 0.15010062587074477
1433.2780000000025 , 0.15010041494260604
1434.8670000000025 , 0.15010022393869554
1436.4560000000024 , 0.1501000509769769
1438.0450000000023 , 0.15009989435318952
1439.6340000000023 , 0.1500997525240585
1441.2230000000022 , 0.1500996240920862
1442.8120000000022 , 0.15009950779178358
1444.401000000002 , 0.15009940247717402
1445.990000000002 , 0.1500993071105646
1447.579000000002 , 0.15009922075226925
1449.168000000002 , 0.1500991425513615
1450.7570000000019 , 0.1500990717372992
1452.3460000000018 , 0.15009900761240602
1453.9350000000018 , 0.1500989495447369
1455.5240000000017 , 0.15009889696212808
1457.1130000000016 , 0.1500988493464619
1458.7020000000016 , 0.15009880622856264
1460.2910000000015 , 0.15009876718357146
1461.8800000000015 , 0.15009873182678596
1463.4690000000014 , 0.15009869980979484
1465.0580000000014 , 0.15009867081714146
1466.6470000000013 , 0.15009864456312366
1468.2360000000012 , 0.1500986207890507
1469.8250000000012 , 0.1500985992606675
1471.4140000000011 , 0.15009857976584687
1473.003000000001 , 0.15009856211249933
1474.592000000001 , 0.15009854612668005
1476.181000000001 , 0.15009853165087494
1477.770000000001 , 0.1500985185424488
1479.3590000000008 , 0.15009850667223937
1480.9480000000008 , 0.15009849592328556
1482.5370000000007 , 0.15009848618967292
1484.1260000000007 , 0.15009847737548837
1485.7150000000006 , 0.15009846939388222
1487.3040000000005 , 0.150098462166206
1488.8930000000005 , 0.1500984556212432
1490.4820000000004 , 0.1500984496945031
1492.0710000000004 , 0.15009844432758673
1493.6600000000003 , 0.15009843946761137
1495.2490000000003 , 0.15009843506669368
1496.8380000000002 , 0.15009843108147497
1498.4270000000001 , 0.15009842747268268
1500.016 , 0.15009842420476444
1501.605 , 0.15009842124552097
1503.194 , 0.15009841856579442
1504.783 , 0.15009841613918926
1506.3719999999998 , 0.15009841394177761
1507.9609999999998 , 0.15009841195193777
1509.5499999999997 , 0.15009841015004288
1511.1389999999997 , 0.15009840851834963
1512.7279999999996 , 0.15009840704078062
1514.3169999999996 , 0.15009840570278907
1515.9059999999995 , 0.15009840449117917
1517.4949999999994 , 0.15009840339401304
1519.0839999999994 , 0.1500984024004801
1520.6729999999993 , 0.1500984015007915
1522.2619999999993 , 0.15009840068609492
1523.8509999999992 , 0.15009839994836133
1525.4399999999991 , 0.1500983992803118
1527.028999999999 , 0.150098398675368
1528.617999999999 , 0.15009839812757353
1530.206999999999 , 0.1500983976315294
1531.795999999999 , 0.15009839718235174
1533.3849999999989 , 0.1500983967756411
1534.9739999999988 , 0.15009839640734965
1536.5629999999987 , 0.15009839607384784
1538.1519999999987 , 0.15009839577184889
1539.7409999999986 , 0.1500983954983777
1541.3299999999986 , 0.15009839525066623
1542.9189999999985 , 0.15009839502642683
1544.5079999999984 , 0.1500983948233094
1546.0969999999984 , 0.15009839463938404
1547.6859999999983 , 0.15009839447283777
1549.2749999999983 , 0.1500983943220732
1550.8639999999982 , 0.15009839418538184
1552.4529999999982 , 0.15009839406173364
1554.041999999998 , 0.15009839394963853
1555.630999999998 , 0.15009839384826532
1557.219999999998 , 0.1500983937563451
1558.808999999998 , 0.15009839367311423
1560.3979999999979 , 0.15009839359775098
1561.9869999999978 , 0.15009839352951646
1563.5759999999977 , 0.1500983934677295
1565.1649999999977 , 0.15009839341178455
1566.7539999999976 , 0.15009839336113018
1568.3429999999976 , 0.15009839331526653
1569.9319999999975 , 0.15009839327383462
1571.5209999999975 , 0.15009839323631757
1573.1099999999974 , 0.15009839320228616
1574.6989999999973 , 0.15009839317144752
1576.2879999999973 , 0.15009839314352563
1577.8769999999972 , 0.15009839311823017
1579.4659999999972 , 0.1500983930953761
1581.054999999997 , 0.15009839307465347
1582.643999999997 , 0.15009839305590797
1584.232999999997 , 0.1500983930389383
1585.821999999997 , 0.15009839302355868
1587.4109999999969 , 0.15009839300965364
1588.9999999999968 , 0.1500983929970822
1590.5889999999968 , 0.1500983929856666
1592.1779999999967 , 0.1500983929753407
1593.7669999999966 , 0.15009839296601163
1595.3559999999966 , 0.15009839295753583
1596.9449999999965 , 0.15009839294987762
1598.5339999999965 , 0.15009839294293625
1600.1229999999964 , 0.1500983929366514
1601.7119999999964 , 0.1500983929309626
1603.3009999999963 , 0.15009839292581606
1604.8899999999962 , 0.1500983929211708
1606.4789999999962 , 0.15009839291716928
1608.0679999999961 , 0.15009839291333293
1609.656999999996 , 0.15009839290985622
1611.245999999996 , 0.15009839290671503
1612.834999999996 , 0.15009839290387939
1614.4239999999959 , 0.15009839290130467
1616.0129999999958 , 0.15009839289897536
1617.6019999999958 , 0.150098392896867
1619.1909999999957 , 0.15009839289495977
1620.7799999999957 , 0.15009839289323598
1622.3689999999956 , 0.1500983928916773
1623.9579999999955 , 0.15009839289025823
1625.5469999999955 , 0.1500983928889817
1627.1359999999954 , 0.1500983928878261
1628.7249999999954 , 0.15009839288678
1630.3139999999953 , 0.150098392885832
1631.9029999999952 , 0.15009839288496912
1633.4919999999952 , 0.1500983928841916
1635.0809999999951 , 0.15009839288348772
1636.669999999995 , 0.15009839288285193
1638.258999999995 , 0.1500983928822757
1639.847999999995 , 0.15009839288174964
1641.436999999995 , 0.15009839288127805
1643.0259999999948 , 0.150098392880851
1644.6149999999948 , 0.15009839288046528
1646.2039999999947 , 0.15009839288011567
1647.7929999999947 , 0.15009839287979757
1649.3819999999946 , 0.1500983928795114
1650.9709999999945 , 0.15009839287925225
1652.5599999999945 , 0.15009839287901777
1654.1489999999944 , 0.15009839287880447
1655.7379999999944 , 0.15009839287861287
1657.3269999999943 , 0.1500983928784723
1658.9159999999943 , 0.15009839287834384
1660.5049999999942 , 0.15009839287822516
1662.0939999999941 , 0.15009839287808757
1663.682999999994 , 0.15009839287798943
1665.271999999994 , 0.15009839287789867
1666.860999999994 , 0.1500983928777924
1668.449999999994 , 0.15009839287769622
1670.0389999999938 , 0.15009839287761606
1671.6279999999938 , 0.15009839287753665
1673.2169999999937 , 0.15009839287749135
1674.8059999999937 , 0.15009839287742394
1676.3949999999936 , 0.15009839287736906
1677.9839999999936 , 0.1500983928773189
1679.5729999999935 , 0.15009839287727306
1681.1619999999934 , 0.15009839287723112
1682.7509999999934 , 0.1500983928771928
1684.3399999999933 , 0.15009839287715776
1685.9289999999933 , 0.15009839287712728
1687.5179999999932 , 0.15009839287709925
1689.1069999999931 , 0.15009839287706914
1690.695999999993 , 0.15009839287704588
1692.284999999993 , 0.1500983928770245
1693.873999999993 , 0.15009839287700164
1695.462999999993 , 0.1500983928769839
1697.0519999999929 , 0.15009839287696491
1698.6409999999928 , 0.15009839287695018
1700.2299999999927 , 0.1500983928769345
1701.8189999999927 , 0.1500983928769203
1703.4079999999926 , 0.15009839287690752
1704.9969999999926 , 0.15009839287689564
1706.5859999999925 , 0.15009839287688492
1708.1749999999925 , 0.1500983928768752
1709.7639999999924 , 0.15009839287686647
1711.3529999999923 , 0.15009839287685853
1712.9419999999923 , 0.15009839287685137
1714.5309999999922 , 0.1500983928768449
1716.1199999999922 , 0.15009839287683907
1717.708999999992 , 0.15009839287683382
1719.297999999992 , 0.15009839287682908
1720.886999999992 , 0.15009839287682478
1722.475999999992 , 0.1500983928768209
1724.0649999999919 , 0.1500983928768174
1725.6539999999918 , 0.15009839287681423
1727.2429999999918 , 0.15009839287681137
1728.8319999999917 , 0.1500983928768088
1730.4209999999916 , 0.15009839287680646
1732.0099999999916 , 0.15009839287680435
1733.5989999999915 , 0.15009839287680246
1735.1879999999915 , 0.1500983928768007
1736.7769999999914 , 0.15009839287679916
1738.3659999999913 , 0.15009839287679777
1739.9549999999913 , 0.1500983928767965
1741.5439999999912 , 0.15009839287679536
1743.1329999999912 , 0.15009839287679433
1744.721999999991 , 0.1500983928767934
1746.310999999991 , 0.15009839287679255
1747.899999999991 , 0.1500983928767918
1749.488999999991 , 0.1500983928767911
1751.0779999999909 , 0.15009839287679047
1752.6669999999908 , 0.15009839287678992
1754.2559999999908 , 0.15009839287678942
1755.8449999999907 , 0.15009839287678894
1757.4339999999906 , 0.15009839287678853
1759.0229999999906 , 0.15009839287678814
1760.6119999999905 , 0.1500983928767878
1762.2009999999905 , 0.15009839287678753
1763.7899999999904 , 0.15009839287678725
1765.3789999999904 , 0.150098392876787
1766.9679999999903 , 0.15009839287678675
1768.5569999999902 , 0.15009839287678656
1770.1459999999902 , 0.15009839287678636
1771.7349999999901 , 0.15009839287678622
1773.32399999999 , 0.15009839287678606
1774.91299999999 , 0.15009839287678592
1776.50199999999 , 0.1500983928767858
1778.09099999999 , 0.1500983928767857
1779.6799999999898 , 0.1500983928767856
1781.2689999999898 , 0.1500983928767855
1782.8579999999897 , 0.15009839287678542
1784.4469999999897 , 0.15009839287678536
1786.0359999999896 , 0.1500983928767853
1787.6249999999895 , 0.15009839287678525
1789.2139999999895 , 0.15009839287678522
1790.8029999999894 , 0.15009839287678517
1792.3919999999894 , 0.15009839287678511
1793.9809999999893 , 0.15009839287678506
1795.5699999999892 , 0.150098392876785
1797.1589999999892 , 0.15009839287678498
1798.7479999999891 , 0.15009839287678498
1800.336999999989 , 0.15009839287678498
1801.925999999989 , 0.15009839287678498
1803.514999999989 , 0.15009839287678498
1805.103999999989 , 0.15009839287678498
1806.6929999999888 , 0.15009839287678498
1808.2819999999888 , 0.15009839287678498
1809.8709999999887 , 0.15009839287678498
1811.4599999999887 , 0.15009839287678498
1813.0489999999886 , 0.15009839287678498
1814.6379999999886 , 0.15009839287678498
1816.2269999999885 , 0.15009839287678498
1817.8159999999884 , 0.15009839287678498
1819.4049999999884 , 0.15009839287678498
1820.9939999999883 , 0.15009839287678498
1822.5829999999883 , 0.15009839287678498
1824.1719999999882 , 0.15009839287678498
1825.7609999999881 , 0.15009839287678492
1827.349999999988 , 0.15009839287678492
1828.938999999988 , 0.15009839287678492
1830.527999999988 , 0.15009839287678492
1832.116999999988 , 0.15009839287678492
1833.7059999999879 , 0.15009839287678492
1835.2949999999878 , 0.15009839287678492
1836.8839999999877 , 0.15009839287678492
1838.4729999999877 , 0.15009839287678492
1840.0619999999876 , 0.15009839287678492
1841.6509999999876 , 0.15009839287678492
1843.2399999999875 , 0.15009839287678492
1844.8289999999874 , 0.15009839287678492
1846.4179999999874 , 0.15009839287678492
1848.0069999999873 , 0.15009839287678492
1849.5959999999873 , 0.15009839287678492
1851.1849999999872 , 0.15009839287678492
1852.7739999999872 , 0.15009839287678492
1854.362999999987 , 0.15009839287678492
1855.951999999987 , 0.15009839287678492
1857.540999999987 , 0.15009839287678492
1859.129999999987 , 0.15009839287678492
1860.7189999999869 , 0.15009839287678492
1862.3079999999868 , 0.15009839287678492
1863.8969999999867 , 0.15009839287678492
1865.4859999999867 , 0.15009839287678492
1867.0749999999866 , 0.15009839287678492
1868.6639999999866 , 0.15009839287678492
1870.2529999999865 , 0.15009839287678492
1871.8419999999865 , 0.15009839287678492
1873.4309999999864 , 0.15009839287678492
1875.0199999999863 , 0.15009839287678492
1876.6089999999863 , 0.15009839287678486
1878.1979999999862 , 0.15009839287678486
1879.7869999999862 , 0.15009839287678486
1881.375999999986 , 0.15009839287678486
1882.964999999986 , 0.15009839287678486
1884.553999999986 , 0.15009839287678486
1886.142999999986 , 0.15009839287678486
1887.7319999999859 , 0.15009839287678486
1889.3209999999858 , 0.15009839287678486
1890.9099999999858 , 0.15009839287678486
1892.4989999999857 , 0.15009839287678486
1894.0879999999856 , 0.15009839287678486
1895.6769999999856 , 0.15009839287678486
1897.2659999999855 , 0.15009839287678486
1898.8549999999855 , 0.15009839287678486
1900.4439999999854 , 0.15009839287678486
1902.0329999999853 , 0.15009839287678486
1903.6219999999853 , 0.15009839287678486
1905.2109999999852 , 0.15009839287678486
1906.7999999999852 , 0.15009839287678486
1908.3889999999851 , 0.15009839287678486
1909.977999999985 , 0.15009839287678486
1911.566999999985 , 0.15009839287678486
1913.155999999985 , 0.15009839287678486
1914.7449999999849 , 0.15009839287678486
1916.3339999999848 , 0.15009839287678486
1917.9229999999848 , 0.15009839287678486
1919.5119999999847 , 0.15009839287678486
1921.1009999999847 , 0.15009839287678486
1922.6899999999846 , 0.15009839287678486
1924.2789999999845 , 0.15009839287678486
1925.8679999999845 , 0.15009839287678486
1927.4569999999844 , 0.15009839287678486
1929.0459999999844 , 0.15009839287678486
1930.6349999999843 , 0.15009839287678486
1932.2239999999842 , 0.15009839287678486
1933.8129999999842 , 0.15009839287678486
1935.4019999999841 , 0.15009839287678486
1936.990999999984 , 0.15009839287678486
1938.579999999984 , 0.15009839287678486
1940.168999999984 , 0.15009839287678486
1941.757999999984 , 0.15009839287678486
1943.3469999999838 , 0.15009839287678486
1944.9359999999838 , 0.15009839287678486
1946.5249999999837 , 0.15009839287678486
1948.1139999999837 , 0.15009839287678486
1949.7029999999836 , 0.15009839287678486
1951.2919999999835 , 0.15009839287678486
1952.8809999999835 , 0.15009839287678486
1954.4699999999834 , 0.1500983928767848
1956.0589999999834 , 0.1500983928767848
1957.6479999999833 , 0.1500983928767848
1959.2369999999833 , 0.1500983928767848
1960.8259999999832 , 0.1500983928767848
1962.4149999999831 , 0.1500983928767848
1964.003999999983 , 0.1500983928767848
1965.592999999983 , 0.1500983928767848
1967.181999999983 , 0.1500983928767848
1968.770999999983 , 0.1500983928767848
1970.3599999999828 , 0.1500983928767848
1971.9489999999828 , 0.1500983928767848
1973.5379999999827 , 0.1500983928767848
1975.1269999999827 , 0.1500983928767848
1976.7159999999826 , 0.1500983928767848
1978.3049999999826 , 0.1500983928767848
1979.8939999999825 , 0.1500983928767848
1981.4829999999824 , 0.1500983928767848
1983.0719999999824 , 0.1500983928767848
1984.6609999999823 , 0.1500983928767848
1986.2499999999823 , 0.1500983928767848
1987.8389999999822 , 0.1500983928767848
1989.4279999999821 , 0.1500983928767848
1991.016999999982 , 0.1500983928767848
1992.605999999982 , 0.1500983928767848
1994.194999999982 , 0.1500983928767848
1995.783999999982 , 0.1500983928767848
1997.3729999999819 , 0.1500983928767848
1998.9619999999818 , 0.1500983928767848
2000.0 , 0.1500983928767848
