2 1 4
$Nodes
36
-5.000000000000000E+00 -5.000000000000000E+00 
5.000000000000000E+00 -5.000000000000000E+00 
5.000000000000000E+00 5.000000000000000E+00 
-5.000000000000000E+00 5.000000000000000E+00 
-3.000000000000000E+00 -5.000000000000000E+00 
-1.000000000000000E+00 -5.000000000000000E+00 
1.000000000000000E+00 -5.000000000000000E+00 
3.000000000000000E+00 -5.000000000000000E+00 
5.000000000000000E+00 3.000000000000000E+00 
5.000000000000000E+00 1.000000000000000E+00 
5.000000000000000E+00 -1.000000000000000E+00 
5.000000000000000E+00 -3.000000000000000E+00 
3.000000000000000E+00 5.000000000000000E+00 
1.000000000000000E+00 5.000000000000000E+00 
-1.000000000000000E+00 5.000000000000000E+00 
-3.000000000000000E+00 5.000000000000000E+00 
-5.000000000000000E+00 3.000000000000000E+00 
-5.000000000000000E+00 1.000000000000000E+00 
-5.000000000000000E+00 -1.000000000000000E+00 
-5.000000000000000E+00 -3.000000000000000E+00 
-3.000000000000000E+00 3.000000000000000E+00 
-1.000000000000000E+00 3.000000000000000E+00 
1.000000000000000E+00 3.000000000000000E+00 
3.000000000000000E+00 3.000000000000000E+00 
-3.000000000000000E+00 1.000000000000000E+00 
-1.000000000000000E+00 1.000000000000000E+00 
1.000000000000000E+00 1.000000000000000E+00 
3.000000000000000E+00 1.000000000000000E+00 
-3.000000000000000E+00 -1.000000000000000E+00 
-1.000000000000000E+00 -1.000000000000000E+00 
1.000000000000000E+00 -1.000000000000000E+00 
3.000000000000000E+00 -1.000000000000000E+00 
-3.000000000000000E+00 -3.000000000000000E+00 
-1.000000000000000E+00 -3.000000000000000E+00 
1.000000000000000E+00 -3.000000000000000E+00 
3.000000000000000E+00 -3.000000000000000E+00 
$Elements
25
3 16 15 20 
20 21 15 14 
14 21 13 22 
13 22 12 23 
12 23 2 8 
16 17 20 24 
20 24 21 25 
21 25 22 26 
22 26 23 27 
23 27 8 9 
17 18 24 28 
24 28 25 29 
25 29 26 30 
26 30 27 31 
27 31 9 10 
18 19 28 32 
28 32 29 33 
29 33 30 34 
30 34 31 35 
31 35 10 11 
19 0 32 4 
32 4 33 5 
33 5 34 6 
6 7 34 35 
35 7 11 1 
$IFaces
40
0 2 1 3
1 1 2 0
2 2 3 0
3 2 4 0
0 1 5 3
5 2 6 0
1 0 6 3
6 2 7 0
2 1 7 3
7 2 8 0
3 1 8 3
8 2 9 0
4 1 9 3
5 1 10 3
10 2 11 0
6 1 11 3
11 2 12 0
7 1 12 3
12 2 13 0
8 1 13 3
13 2 14 0
9 1 14 3
10 1 15 3
15 2 16 0
11 1 16 3
16 2 17 0
12 1 17 3
17 2 18 0
13 1 18 3
18 2 19 0
14 1 19 3
15 1 20 3
20 2 21 0
16 1 21 3
21 2 22 0
17 1 22 3
18 1 23 2
22 2 23 3
23 1 24 0
19 1 24 3
$BFaceGroups
1
wall
20
20 1
21 1
22 1
23 0
24 1
4 2
9 2
14 2
19 2
24 2
4 3
3 3
2 3
1 2
0 3
0 0
5 0
10 0
15 0
20 0
