0.0 , 1.0000000000000002
0.00048828125 , 0.9995118379398896
0.0009765625 , 0.9990239141819759
0.00146484375 , 0.9985362286099291
0.001953125 , 0.9980487811074757
0.00244140625 , 0.9975615715583994
0.0029296875 , 0.9970745998465402
0.00341796875 , 0.9965878658557952
0.00390625 , 0.9961013694701177
0.00439453125 , 0.9956151105735181
0.0048828125 , 0.9951290890500633
0.00537109375 , 0.9946433047838765
0.005859375 , 0.9941577576591379
0.00634765625 , 0.9936724475600841
0.0068359375 , 0.993187374371008
0.00732421875 , 0.9927025379762592
0.0078125 , 0.9922179382602436
0.00830078125 , 0.9917335751074238
0.0087890625 , 0.9912494484023184
0.00927734375 , 0.9907655580295028
0.009765625 , 0.9902819038736085
0.01025390625 , 0.9897984858193233
0.0107421875 , 0.9893153037513913
0.01123046875 , 0.9888323575546131
0.01171875 , 0.9883496471138452
0.01220703125 , 0.9878671723140005
0.0126953125 , 0.9873849330400479
0.01318359375 , 0.9869029291770129
0.013671875 , 0.9864211606099766
0.01416015625 , 0.9859396272240766
0.0146484375 , 0.9854583289045061
0.01513671875 , 0.9849772655365149
0.015625 , 0.9844964370054085
0.01611328125 , 0.9840158431965483
0.0166015625 , 0.983535483995352
0.01708984375 , 0.9830553592872929
0.017578125 , 0.9825754689579005
0.01806640625 , 0.9820958128927598
0.0185546875 , 0.9816163909775121
0.01904296875 , 0.9811372030978541
0.01953125 , 0.9806582491395387
0.02001953125 , 0.9801795289883742
0.0205078125 , 0.979701042530225
0.02099609375 , 0.979222789651011
0.021484375 , 0.9787447702367076
0.02197265625 , 0.9782669841733463
0.0224609375 , 0.977789431347014
0.02294921875 , 0.9773121116438532
0.0234375 , 0.9768350249500621
0.02392578125 , 0.9763581711518943
0.0244140625 , 0.9758815501356589
0.02490234375 , 0.9754051617877207
0.025390625 , 0.9749290059944999
0.02587890625 , 0.9744530826424721
0.0263671875 , 0.9739773916181682
0.02685546875 , 0.9735019328081747
0.02734375 , 0.9730267060991333
0.02783203125 , 0.9725517113777413
0.0283203125 , 0.972076948530751
0.02880859375 , 0.9716024174449701
0.029296875 , 0.9711281180072617
0.02978515625 , 0.970654050104544
0.0302734375 , 0.9701802136237903
0.03076171875 , 0.969706608452029
0.03125 , 0.9692332344763442
0.03173828125 , 0.9687600915838745
0.0322265625 , 0.968287179661814
0.03271484375 , 0.9678144985974115
0.033203125 , 0.9673420482779713
0.03369140625 , 0.9668698285908524
0.0341796875 , 0.9663978394234686
0.03466796875 , 0.9659260806632891
0.03515625 , 0.9654545521978379
0.03564453125 , 0.9649832539146939
0.0361328125 , 0.9645121857014906
0.03662109375 , 0.9640413474459167
0.037109375 , 0.9635707390357157
0.03759765625 , 0.9631003603586856
0.0380859375 , 0.9626302113026797
0.03857421875 , 0.9621602917556055
0.0390625 , 0.9616906016054254
0.03955078125 , 0.9612211407401566
0.0400390625 , 0.960751909047871
0.04052734375 , 0.960282906416695
0.041015625 , 0.9598141327348096
0.04150390625 , 0.9593455878904505
0.0419921875 , 0.9588772717719078
0.04248046875 , 0.9584091842675264
0.04296875 , 0.9579413252657054
0.04345703125 , 0.9574736946548986
0.0439453125 , 0.9570062923236141
0.04443359375 , 0.9565391181604146
0.044921875 , 0.956072172053917
0.04541015625 , 0.9556054538927927
0.0458984375 , 0.9551389635657674
0.04638671875 , 0.9546727009616213
0.046875 , 0.9542066659691885
0.04736328125 , 0.9537408584773577
0.0478515625 , 0.9532752783750716
0.04833984375 , 0.9528099255513275
0.048828125 , 0.9523447998951765
0.04931640625 , 0.951879901295724
0.0498046875 , 0.9514152296421295
0.05029296875 , 0.9509507848236068
0.05078125 , 0.9504865667294236
0.05126953125 , 0.9500225752489014
0.0517578125 , 0.9495588102714163
0.05224609375 , 0.949095271686398
0.052734375 , 0.9486319593833302
0.05322265625 , 0.9481688732517509
0.0537109375 , 0.9477060131812516
0.05419921875 , 0.9472433790614778
0.0546875 , 0.946780970782129
0.05517578125 , 0.9463187882329585
0.0556640625 , 0.9458568313037733
0.05615234375 , 0.9453950998844344
0.056640625 , 0.9449335938648563
0.05712890625 , 0.9444723131350075
0.0576171875 , 0.94401125758491
0.05810546875 , 0.9435504271046398
0.05859375 , 0.9430898215843261
0.05908203125 , 0.9426294409141521
0.0595703125 , 0.9421692849843546
0.06005859375 , 0.9417093536852237
0.060546875 , 0.9412496469071032
0.06103515625 , 0.9407901645403907
0.0615234375 , 0.9403309064755369
0.06201171875 , 0.939871872603046
0.0625 , 0.9394130628134761
0.06298828125 , 0.9389544769974383
0.0634765625 , 0.9384961150455972
0.06396484375 , 0.9380379768486706
0.064453125 , 0.9375800622974302
0.06494140625 , 0.9371223712827004
0.0654296875 , 0.9366649036953593
0.06591796875 , 0.936207659426338
0.06640625 , 0.9357506383666211
0.06689453125 , 0.9352938404072462
0.0673828125 , 0.9348372654393042
0.06787109375 , 0.9343809133539391
0.068359375 , 0.9339247840423482
0.06884765625 , 0.9334688773957818
0.0693359375 , 0.9330131933055431
0.06982421875 , 0.9325577316629887
0.0703125 , 0.932102492359528
0.07080078125 , 0.9316474752866235
0.0712890625 , 0.9311926803357907
0.07177734375 , 0.9307381073985981
0.072265625 , 0.9302837563666669
0.07275390625 , 0.9298296271316715
0.0732421875 , 0.929375719585339
0.07373046875 , 0.9289220336194495
0.07421875 , 0.9284685691258356
0.07470703125 , 0.9280153259963833
0.0751953125 , 0.9275623041230306
0.07568359375 , 0.927109503397769
0.076171875 , 0.9266569237126422
0.07666015625 , 0.9262045649597468
0.0771484375 , 0.9257524270312322
0.07763671875 , 0.9253005098193002
0.078125 , 0.9248488132162054
0.07861328125 , 0.9243973371142549
0.0791015625 , 0.9239460814058084
0.07958984375 , 0.9234950459832781
0.080078125 , 0.923044230739129
0.08056640625 , 0.9225936355658781
0.0810546875 , 0.9221432603560954
0.08154296875 , 0.9216931050024029
0.08203125 , 0.9212431693974751
0.08251953125 , 0.9207934534340392
0.0830078125 , 0.9203439570048745
0.08349609375 , 0.9198946800028126
0.083984375 , 0.9194456223207376
0.08447265625 , 0.9189967838515858
0.0849609375 , 0.9185481644883458
0.08544921875 , 0.9180997641240582
0.0859375 , 0.9176515826518163
0.08642578125 , 0.9172036199647653
0.0869140625 , 0.9167558759561024
0.08740234375 , 0.9163083505190771
0.087890625 , 0.9158610435469912
0.08837890625 , 0.9154139549331982
0.0888671875 , 0.914967084571104
0.08935546875 , 0.9145204323541664
0.08984375 , 0.9140739981758951
0.09033203125 , 0.913627781929852
0.0908203125 , 0.9131817835096507
0.09130859375 , 0.9127360028089572
0.091796875 , 0.9122904397214888
0.09228515625 , 0.9118450941410151
0.0927734375 , 0.9113999659613574
0.09326171875 , 0.910955055076389
0.09375 , 0.9105103613800347
0.09423828125 , 0.9100658847662714
0.0947265625 , 0.9096216251291275
0.09521484375 , 0.9091775823626833
0.095703125 , 0.9087337563610708
0.09619140625 , 0.9082901470184734
0.0966796875 , 0.9078467542291268
0.09716796875 , 0.9074035778873175
0.09765625 , 0.9069606178873842
0.09814453125 , 0.9065178741237171
0.0986328125 , 0.9060753464907577
0.09912109375 , 0.9056330348829993
0.099609375 , 0.9051909391949866
0.10009765625 , 0.9047490593213157
0.1005859375 , 0.9043073951566342
0.10107421875 , 0.9038659465956412
0.1015625 , 0.9034247135330873
0.10205078125 , 0.9029836958637741
0.1025390625 , 0.902542893482555
0.10302734375 , 0.9021023062843343
0.103515625 , 0.901661934164068
0.10400390625 , 0.9012217770167632
0.1044921875 , 0.9007818347374781
0.10498046875 , 0.9003421072213224
0.10546875 , 0.8999025943634569
0.10595703125 , 0.8994632960590935
0.1064453125 , 0.8990242122034954
0.10693359375 , 0.8985853426919768
0.107421875 , 0.898146687419903
0.10791015625 , 0.8977082462826905
0.1083984375 , 0.8972700191758068
0.10888671875 , 0.8968320059947704
0.109375 , 0.8963942066351509
0.10986328125 , 0.8959566209925687
0.1103515625 , 0.8955192489626952
0.11083984375 , 0.8950820904412529
0.111328125 , 0.894645145324015
0.11181640625 , 0.8942084135068056
0.1123046875 , 0.8937718948854998
0.11279296875 , 0.8933355893560235
0.11328125 , 0.8928994968143533
0.11376953125 , 0.8924636171565167
0.1142578125 , 0.8920279502785917
0.11474609375 , 0.8915924960767074
0.115234375 , 0.8911572544470434
0.11572265625 , 0.89072222528583
0.1162109375 , 0.8902874084893482
0.11669921875 , 0.8898528039539294
0.1171875 , 0.889418411575956
0.11767578125 , 0.8889842312518608
0.1181640625 , 0.888550262878127
0.11865234375 , 0.8881165063512886
0.119140625 , 0.8876829615679299
0.11962890625 , 0.8872496284246858
0.1201171875 , 0.8868165068182416
0.12060546875 , 0.8863835966453332
0.12109375 , 0.8859508978027465
0.12158203125 , 0.8855184101873183
0.1220703125 , 0.8850861336959354
0.12255859375 , 0.884654068225535
0.123046875 , 0.8842222136731048
0.12353515625 , 0.8837905699356826
0.1240234375 , 0.8833591369103565
0.12451171875 , 0.8829279144942648
0.125 , 0.8824969025845961
0.12548828125 , 0.8820661010785892
0.1259765625 , 0.8816355098735329
0.12646484375 , 0.8812051288667664
0.126953125 , 0.8807749579556787
0.12744140625 , 0.8803449970377092
0.1279296875 , 0.8799152460103472
0.12841796875 , 0.8794857047711321
0.12890625 , 0.8790563732176532
0.12939453125 , 0.8786272512475498
0.1298828125 , 0.8781983387585115
0.13037109375 , 0.8777696356482774
0.130859375 , 0.8773411418146367
0.13134765625 , 0.8769128571554287
0.1318359375 , 0.8764847815685421
0.13232421875 , 0.8760569149519161
0.1328125 , 0.875629257203539
0.13330078125 , 0.8752018082214494
0.1337890625 , 0.8747745679037355
0.13427734375 , 0.8743475361485352
0.134765625 , 0.8739207128540363
0.13525390625 , 0.8734940979184761
0.1357421875 , 0.8730676912401417
0.13623046875 , 0.8726414927173699
0.13671875 , 0.8722155022485469
0.13720703125 , 0.8717897197321088
0.1376953125 , 0.8713641450665411
0.13818359375 , 0.8709387781503789
0.138671875 , 0.8705136188822068
0.13916015625 , 0.8700886671606589
0.1396484375 , 0.8696639228844188
0.14013671875 , 0.8692393859522197
0.140625 , 0.8688150562628439
0.14111328125 , 0.8683909337151235
0.1416015625 , 0.8679670182079398
0.14208984375 , 0.8675433096402233
0.142578125 , 0.8671198079109541
0.14306640625 , 0.8666965129191616
0.1435546875 , 0.8662734245639243
0.14404296875 , 0.8658505427443701
0.14453125 , 0.8654278673596761
0.14501953125 , 0.8650053983090686
0.1455078125 , 0.8645831354918233
0.14599609375 , 0.8641610788072647
0.146484375 , 0.8637392281547667
0.14697265625 , 0.8633175834337523
0.1474609375 , 0.8628961445436936
0.14794921875 , 0.8624749113841116
0.1484375 , 0.8620538838545766
0.14892578125 , 0.8616330618547078
0.1494140625 , 0.8612124452841734
0.14990234375 , 0.8607920340426906
0.150390625 , 0.8603718280300254
0.15087890625 , 0.8599518271459932
0.1513671875 , 0.8595320312904576
0.15185546875 , 0.8591124403633318
0.15234375 , 0.8586930542645773
0.15283203125 , 0.8582738728942049
0.1533203125 , 0.8578548961522737
0.15380859375 , 0.857436123938892
0.154296875 , 0.8570175561542167
0.15478515625 , 0.8565991926984535
0.1552734375 , 0.8561810334718567
0.15576171875 , 0.8557630783747294
0.15625 , 0.8553453273074234
0.15673828125 , 0.854927780170339
0.1572265625 , 0.8545104368639252
0.15771484375 , 0.8540932972886797
0.158203125 , 0.8536763613451486
0.15869140625 , 0.8532596289339266
0.1591796875 , 0.852843099955657
0.15966796875 , 0.8524267743110315
0.16015625 , 0.8520106519007904
0.16064453125 , 0.8515947326257223
0.1611328125 , 0.8511790163866644
0.16162109375 , 0.8507635030845021
0.162109375 , 0.8503481926201695
0.16259765625 , 0.8499330848946487
0.1630859375 , 0.8495181798089704
0.16357421875 , 0.8491034772642134
0.1640625 , 0.848688977161505
0.16455078125 , 0.8482746794020207
0.1650390625 , 0.8478605838869842
0.16552734375 , 0.8474466905176673
0.166015625 , 0.8470329991953902
0.16650390625 , 0.8466195098215213
0.1669921875 , 0.846206222297477
0.16748046875 , 0.8457931365247218
0.16796875 , 0.8453802524047684
0.16845703125 , 0.8449675698391776
0.1689453125 , 0.8445550887295583
0.16943359375 , 0.8441428089775672
0.169921875 , 0.8437307304849091
0.17041015625 , 0.8433188531533369
0.1708984375 , 0.8429071768846514
0.17138671875 , 0.8424957015807014
0.171875 , 0.8420844271433834
0.17236328125 , 0.841673353474642
0.1728515625 , 0.8412624804764696
0.17333984375 , 0.8408518080509064
0.173828125 , 0.8404413361000406
0.17431640625 , 0.8400310645260078
0.1748046875 , 0.8396209932309919
0.17529296875 , 0.8392111221172242
0.17578125 , 0.8388014510869837
0.17626953125 , 0.8383919800425973
0.1767578125 , 0.8379827088864394
0.17724609375 , 0.8375736375209324
0.177734375 , 0.8371647658485458
0.17822265625 , 0.8367560937717972
0.1787109375 , 0.8363476211932513
0.17919921875 , 0.835939348015521
0.1796875 , 0.8355312741412663
0.18017578125 , 0.8351233994731946
0.1806640625 , 0.8347157239140611
0.18115234375 , 0.8343082473666685
0.181640625 , 0.8339009697338667
0.18212890625 , 0.8334938909185532
0.1826171875 , 0.8330870108236728
0.18310546875 , 0.8326803293522177
0.18359375 , 0.8322738464072276
0.18408203125 , 0.8318675618917892
0.1845703125 , 0.831461475709037
0.18505859375 , 0.8310555877621522
0.185546875 , 0.8306498979543637
0.18603515625 , 0.8302444061889477
0.1865234375 , 0.8298391123692271
0.18701171875 , 0.8294340163985726
0.1875 , 0.8290291181804017
0.18798828125 , 0.8286244176181791
0.1884765625 , 0.8282199146154166
0.18896484375 , 0.8278156090756732
0.189453125 , 0.8274115009025551
0.18994140625 , 0.8270075899997152
0.1904296875 , 0.8266038762708539
0.19091796875 , 0.826200359619718
0.19140625 , 0.8257970399501019
0.19189453125 , 0.8253939171658465
0.1923828125 , 0.8249909911708401
0.19287109375 , 0.8245882618690173
0.193359375 , 0.8241857291643603
0.19384765625 , 0.8237833929608976
0.1943359375 , 0.8233812531627049
0.19482421875 , 0.8229793096739045
0.1953125 , 0.8225775623986656
0.19580078125 , 0.8221760112412043
0.1962890625 , 0.8217746561057833
0.19677734375 , 0.8213734968967119
0.197265625 , 0.8209725335183465
0.19775390625 , 0.82057176587509
0.1982421875 , 0.8201711938713917
0.19873046875 , 0.8197708174117481
0.19921875 , 0.8193706364007017
0.19970703125 , 0.8189706507428423
0.2001953125 , 0.8185708603428055
0.20068359375 , 0.8181712651052739
0.201171875 , 0.8177718649349768
0.20166015625 , 0.8173726597366896
0.2021484375 , 0.8169736494152344
0.20263671875 , 0.8165748338754798
0.203125 , 0.8161762130223407
0.20361328125 , 0.8157777867607784
0.2041015625 , 0.8153795549958007
0.20458984375 , 0.8149815176324618
0.205078125 , 0.8145836745758623
0.20556640625 , 0.8141860257311488
0.2060546875 , 0.8137885710035146
0.20654296875 , 0.8133913102981991
0.20703125 , 0.8129942435204879
0.20751953125 , 0.8125973705757128
0.2080078125 , 0.8122006913692521
0.20849609375 , 0.81180420580653
0.208984375 , 0.811407913793017
0.20947265625 , 0.8110118152342297
0.2099609375 , 0.8106159100357309
0.21044921875 , 0.8102201981031294
0.2109375 , 0.8098246793420801
0.21142578125 , 0.8094293536582841
0.2119140625 , 0.8090342209574882
0.21240234375 , 0.8086392811454857
0.212890625 , 0.8082445341281153
0.21337890625 , 0.8078499798112622
0.2138671875 , 0.8074556181008572
0.21435546875 , 0.8070614489028772
0.21484375 , 0.8066674721233449
0.21533203125 , 0.806273687668329
0.2158203125 , 0.8058800954439438
0.21630859375 , 0.8054866953563498
0.216796875 , 0.8050934873117529
0.21728515625 , 0.8047004712164051
0.2177734375 , 0.8043076469766041
0.21826171875 , 0.8039150144986932
0.21875 , 0.8035225736890617
0.21923828125 , 0.8031303244541442
0.2197265625 , 0.8027382667004214
0.22021484375 , 0.8023464003344193
0.220703125 , 0.8019547252627097
0.22119140625 , 0.80156324139191
0.2216796875 , 0.8011719486286832
0.22216796875 , 0.8007808468797378
0.22265625 , 0.8003899360518278
0.22314453125 , 0.799999216051753
0.2236328125 , 0.7996086867863582
0.22412109375 , 0.7992183481625342
0.224609375 , 0.798828200087217
0.22509765625 , 0.7984382424673879
0.2255859375 , 0.7980484752100739
0.22607421875 , 0.7976588982223473
0.2265625 , 0.7972695114113254
0.22705078125 , 0.7968803146841714
0.2275390625 , 0.7964913079480935
0.22802734375 , 0.7961024911103454
0.228515625 , 0.7957138640782258
0.22900390625 , 0.7953254267590787
0.2294921875 , 0.7949371790602936
0.22998046875 , 0.794549120889305
0.23046875 , 0.7941612521535926
0.23095703125 , 0.7937735727606813
0.2314453125 , 0.793386082618141
0.23193359375 , 0.7929987816335871
0.232421875 , 0.7926116697146796
0.23291015625 , 0.7922247467691239
0.2333984375 , 0.7918380127046705
0.23388671875 , 0.7914514674291147
0.234375 , 0.7910651108502968
0.23486328125 , 0.7906789428761025
0.2353515625 , 0.790292963414462
0.23583984375 , 0.7899071723733506
0.236328125 , 0.7895215696607887
0.23681640625 , 0.7891361551848413
0.2373046875 , 0.7887509288536184
0.23779296875 , 0.7883658905752751
0.23828125 , 0.7879810402580109
0.23876953125 , 0.7875963778100704
0.2392578125 , 0.787211903139743
0.23974609375 , 0.7868276161553627
0.240234375 , 0.7864435167653083
0.24072265625 , 0.7860596048780035
0.2412109375 , 0.7856758804019165
0.24169921875 , 0.7852923432455603
0.2421875 , 0.7849089933174924
0.24267578125 , 0.7845258305263152
0.2431640625 , 0.7841428547806755
0.24365234375 , 0.7837600659892647
0.244140625 , 0.783377464060819
0.24462890625 , 0.7829950489041189
0.2451171875 , 0.7826128204279894
0.24560546875 , 0.7822307785413003
0.24609375 , 0.7818489231529656
0.24658203125 , 0.781467254171944
0.2470703125 , 0.7810857715072383
0.24755859375 , 0.7807044750678963
0.248046875 , 0.7803233647630096
0.24853515625 , 0.7799424405017144
0.2490234375 , 0.7795617021931913
0.24951171875 , 0.7791811497466653
0.25 , 0.7788007830714055
0.25048828125 , 0.7784206020767256
0.2509765625 , 0.7780406066719833
0.25146484375 , 0.7776607967665805
0.251953125 , 0.7772811722699636
0.25244140625 , 0.7769017330916231
0.2529296875 , 0.7765224791410936
0.25341796875 , 0.7761434103279539
0.25390625 , 0.7757645265618269
0.25439453125 , 0.7753858277523797
0.2548828125 , 0.7750073138093235
0.25537109375 , 0.7746289846424136
0.255859375 , 0.7742508401614492
0.25634765625 , 0.7738728802762735
0.2568359375 , 0.7734951048967741
0.25732421875 , 0.7731175139328822
0.2578125 , 0.7727401072945731
0.25830078125 , 0.7723628848918661
0.2587890625 , 0.7719858466348243
0.25927734375 , 0.7716089924335547
0.259765625 , 0.7712323221982085
0.26025390625 , 0.7708558358389803
0.2607421875 , 0.7704795332661089
0.26123046875 , 0.7701034143898766
0.26171875 , 0.7697274791206098
0.26220703125 , 0.7693517273686785
0.2626953125 , 0.7689761590444966
0.26318359375 , 0.7686007740585215
0.263671875 , 0.7682255723212544
0.26416015625 , 0.7678505537432404
0.2646484375 , 0.767475718235068
0.26513671875 , 0.7671010657073695
0.265625 , 0.7667265960708207
0.26611328125 , 0.7663523092361412
0.2666015625 , 0.7659782051140939
0.26708984375 , 0.7656042836154855
0.267578125 , 0.7652305446511662
0.26806640625 , 0.7648569881320297
0.2685546875 , 0.7644836139690132
0.26904296875 , 0.7641104220730973
0.26953125 , 0.7637374123553061
0.27001953125 , 0.7633645847267072
0.2705078125 , 0.7629919390984116
0.27099609375 , 0.7626194753815735
0.271484375 , 0.7622471934873907
0.27197265625 , 0.7618750933271043
0.2724609375 , 0.7615031748119988
0.27294921875 , 0.7611314378534018
0.2734375 , 0.7607598823626843
0.27392578125 , 0.7603885082512606
0.2744140625 , 0.7600173154305881
0.27490234375 , 0.7596463038121678
0.275390625 , 0.7592754733075434
0.27587890625 , 0.7589048238283022
0.2763671875 , 0.7585343552860743
0.27685546875 , 0.7581640675925331
0.27734375 , 0.7577939606593952
0.27783203125 , 0.7574240343984203
0.2783203125 , 0.7570542887214111
0.27880859375 , 0.7566847235402133
0.279296875 , 0.7563153387667156
0.27978515625 , 0.75594613431285
0.2802734375 , 0.7555771100905911
0.28076171875 , 0.7552082660119569
0.28125 , 0.7548396019890079
0.28173828125 , 0.7544711179338479
0.2822265625 , 0.7541028137586233
0.28271484375 , 0.7537346893755237
0.283203125 , 0.7533667446967812
0.28369140625 , 0.7529989796346712
0.2841796875 , 0.7526313941015116
0.28466796875 , 0.7522639880096631
0.28515625 , 0.7518967612715293
0.28564453125 , 0.7515297137995565
0.2861328125 , 0.7511628455062337
0.28662109375 , 0.7507961563040928
0.287109375 , 0.7504296461057083
0.28759765625 , 0.7500633148236973
0.2880859375 , 0.7496971623707195
0.28857421875 , 0.7493311886594775
0.2890625 , 0.7489653936027163
0.28955078125 , 0.7485997771132237
0.2900390625 , 0.7482343391038297
0.29052734375 , 0.7478690794874073
0.291015625 , 0.7475039981768717
0.29150390625 , 0.7471390950851808
0.2919921875 , 0.7467743701253349
0.29248046875 , 0.7464098232103766
0.29296875 , 0.7460454542533914
0.29345703125 , 0.7456812631675069
0.2939453125 , 0.7453172498658932
0.29443359375 , 0.7449534142617626
0.294921875 , 0.7445897562683702
0.29541015625 , 0.744226275799013
0.2958984375 , 0.7438629727670305
0.29638671875 , 0.7434998470858045
0.296875 , 0.7431368986687592
0.29736328125 , 0.7427741274293609
0.2978515625 , 0.7424115332811181
0.29833984375 , 0.7420491161375817
0.298828125 , 0.7416868759123447
0.29931640625 , 0.7413248125190424
0.2998046875 , 0.7409629258713519
0.30029296875 , 0.740601215882993
0.30078125 , 0.7402396824677271
0.30126953125 , 0.739878325539358
0.3017578125 , 0.7395171450117315
0.30224609375 , 0.7391561407987355
0.302734375 , 0.7387953128142998
0.30322265625 , 0.7384346609723963
0.3037109375 , 0.7380741851870389
0.30419921875 , 0.7377138853722836
0.3046875 , 0.737353761442228
0.30517578125 , 0.736993813311012
0.3056640625 , 0.7366340408928173
0.30615234375 , 0.7362744441018674
0.306640625 , 0.7359150228524278
0.30712890625 , 0.7355557770588058
0.3076171875 , 0.7351967066353505
0.30810546875 , 0.7348378114964529
0.30859375 , 0.7344790915565456
0.30908203125 , 0.7341205467301032
0.3095703125 , 0.7337621769316419
0.31005859375 , 0.7334039820757197
0.310546875 , 0.7330459620769363
0.31103515625 , 0.7326881168499331
0.3115234375 , 0.732330446309393
0.31201171875 , 0.731972950370041
0.3125 , 0.731615628946643
0.31298828125 , 0.7312584819540072
0.3134765625 , 0.7309015093069832
0.31396484375 , 0.7305447109204619
0.314453125 , 0.7301880867093761
0.31494140625 , 0.7298316365886998
0.3154296875 , 0.7294753604734487
0.31591796875 , 0.7291192582786801
0.31640625 , 0.7287633299194924
0.31689453125 , 0.7284075753110258
0.3173828125 , 0.7280519943684618
0.31787109375 , 0.7276965870070232
0.318359375 , 0.7273413531419743
0.31884765625 , 0.7269862926886209
0.3193359375 , 0.7266314055623099
0.31982421875 , 0.7262766916784295
0.3203125 , 0.7259221509524094
0.32080078125 , 0.7255677832997205
0.3212890625 , 0.725213588635875
0.32177734375 , 0.7248595668764263
0.322265625 , 0.7245057179369689
0.32275390625 , 0.7241520417331389
0.3232421875 , 0.7237985381806131
0.32373046875 , 0.7234452071951099
0.32421875 , 0.7230920486923883
0.32470703125 , 0.722739062588249
0.3251953125 , 0.7223862487985335
0.32568359375 , 0.7220336072391245
0.326171875 , 0.7216811378259455
0.32666015625 , 0.7213288404749614
0.3271484375 , 0.7209767151021779
0.32763671875 , 0.7206247616236418
0.328125 , 0.7202729799554408
0.32861328125 , 0.7199213700137037
0.3291015625 , 0.7195699317146002
0.32958984375 , 0.7192186649743407
0.330078125 , 0.7188675697091769
0.33056640625 , 0.7185166458354009
0.3310546875 , 0.7181658932693461
0.33154296875 , 0.7178153119273866
0.33203125 , 0.7174649017259371
0.33251953125 , 0.7171146625814535
0.3330078125 , 0.7167645944104322
0.33349609375 , 0.7164146971294104
0.333984375 , 0.7160649706549662
0.33447265625 , 0.7157154149037183
0.3349609375 , 0.7153660297923259
0.33544921875 , 0.7150168152374893
0.3359375 , 0.7146677711559491
0.33642578125 , 0.714318897464487
0.3369140625 , 0.7139701940799248
0.33740234375 , 0.7136216609191252
0.337890625 , 0.7132732978989913
0.33837890625 , 0.712925104936467
0.3388671875 , 0.7125770819485366
0.33935546875 , 0.7122292288522251
0.33984375 , 0.7118815455645976
0.34033203125 , 0.71153403200276
0.3408203125 , 0.7111866880838587
0.34130859375 , 0.7108395137250804
0.341796875 , 0.7104925088436523
0.34228515625 , 0.7101456733568421
0.3427734375 , 0.7097990071819575
0.34326171875 , 0.7094525102363471
0.34375 , 0.7091061824373995
0.34423828125 , 0.7087600237025437
0.3447265625 , 0.708414033949249
0.34521484375 , 0.708068213095025
0.345703125 , 0.7077225610574217
0.34619140625 , 0.7073770777540291
0.3466796875 , 0.7070317631024777
0.34716796875 , 0.706686617020438
0.34765625 , 0.7063416394256207
0.34814453125 , 0.7059968302357768
0.3486328125 , 0.7056521893686972
0.34912109375 , 0.7053077167422134
0.349609375 , 0.7049634122741966
0.35009765625 , 0.7046192758825581
0.3505859375 , 0.7042753074852496
0.35107421875 , 0.7039315070002625
0.3515625 , 0.7035878743456285
0.35205078125 , 0.7032444094394191
0.3525390625 , 0.7029011121997459
0.35302734375 , 0.7025579825447604
0.353515625 , 0.7022150203926542
0.35400390625 , 0.7018722256616586
0.3544921875 , 0.7015295982700452
0.35498046875 , 0.7011871381361251
0.35546875 , 0.7008448451782495
0.35595703125 , 0.7005027193148093
0.3564453125 , 0.7001607604642355
0.35693359375 , 0.6998189685449986
0.357421875 , 0.6994773434756092
0.35791015625 , 0.6991358851746174
0.3583984375 , 0.6987945935606134
0.35888671875 , 0.6984534685522267
0.359375 , 0.6981125100681268
0.35986328125 , 0.697771718027023
0.3603515625 , 0.697431092347664
0.36083984375 , 0.6970906329488383
0.361328125 , 0.6967503397493742
0.36181640625 , 0.6964102126681393
0.3623046875 , 0.6960702516240411
0.36279296875 , 0.6957304565360266
0.36328125 , 0.6953908273230822
0.36376953125 , 0.6950513639042342
0.3642578125 , 0.694712066198548
0.36474609375 , 0.6943729341251288
0.365234375 , 0.6940339676031212
0.36572265625 , 0.6936951665517093
0.3662109375 , 0.6933565308901166
0.36669921875 , 0.6930180605376062
0.3671875 , 0.6926797554134803
0.36767578125 , 0.6923416154370807
0.3681640625 , 0.6920036405277886
0.36865234375 , 0.6916658306050245
0.369140625 , 0.6913281855882483
0.36962890625 , 0.690990705396959
0.3701171875 , 0.690653389950695
0.37060546875 , 0.6903162391690343
0.37109375 , 0.6899792529715937
0.37158203125 , 0.6896424312780295
0.3720703125 , 0.689305774008037
0.37255859375 , 0.6889692810813511
0.373046875 , 0.6886329524177455
0.37353515625 , 0.6882967879370332
0.3740234375 , 0.6879607875590663
0.37451171875 , 0.6876249512037361
0.375 , 0.687289278790973
0.37548828125 , 0.6869537702407464
0.3759765625 , 0.686618425473065
0.37646484375 , 0.6862832444079761
0.376953125 , 0.6859482269655665
0.37744140625 , 0.6856133730659617
0.3779296875 , 0.6852786826293265
0.37841796875 , 0.6849441555758642
0.37890625 , 0.6846097918258175
0.37939453125 , 0.6842755912994679
0.3798828125 , 0.6839415539171357
0.38037109375 , 0.6836076795991802
0.380859375 , 0.6832739682659996
0.38134765625 , 0.6829404198380309
0.3818359375 , 0.68260703423575
0.38232421875 , 0.6822738113796715
0.3828125 , 0.6819407511903488
0.38330078125 , 0.6816078535883743
0.3837890625 , 0.6812751184943789
0.38427734375 , 0.6809425458290326
0.384765625 , 0.6806101355130437
0.38525390625 , 0.6802778874671594
0.3857421875 , 0.6799458016121658
0.38623046875 , 0.6796138778688872
0.38671875 , 0.6792821161581869
0.38720703125 , 0.6789505164009668
0.3876953125 , 0.6786190785181674
0.38818359375 , 0.6782878024307676
0.388671875 , 0.677956688059785
0.38916015625 , 0.677625735326276
0.3896484375 , 0.6772949441513352
0.39013671875 , 0.6769643144560957
0.390625 , 0.6766338461617295
0.39111328125 , 0.6763035391894466
0.3916015625 , 0.6759733934604958
0.39208984375 , 0.6756434088961641
0.392578125 , 0.6753135854177772
0.39306640625 , 0.674983922946699
0.3935546875 , 0.6746544214043317
0.39404296875 , 0.6743250807121163
0.39453125 , 0.6739959007915316
0.39501953125 , 0.673666881564095
0.3955078125 , 0.6733380229513624
0.39599609375 , 0.6730093248749276
0.396484375 , 0.672680787256423
0.39697265625 , 0.6723524100175191
0.3974609375 , 0.6720241930799246
0.39794921875 , 0.6716961363653865
0.3984375 , 0.67136823979569
0.39892578125 , 0.6710405032926585
0.3994140625 , 0.6707129267781535
0.39990234375 , 0.6703855101740747
0.400390625 , 0.6700582534023598
0.40087890625 , 0.6697311563849848
0.4013671875 , 0.6694042190439636
0.40185546875 , 0.6690774413013484
0.40234375 , 0.6687508230792292
0.40283203125 , 0.6684243642997342
0.4033203125 , 0.6680980648850294
0.40380859375 , 0.6677719247573193
0.404296875 , 0.6674459438388457
0.40478515625 , 0.6671201220518889
0.4052734375 , 0.6667944593187668
0.40576171875 , 0.6664689555618354
0.40625 , 0.6661436107034885
0.40673828125 , 0.6658184246661579
0.4072265625 , 0.6654933973723133
0.40771484375 , 0.665168528744462
0.408203125 , 0.6648438187051493
0.40869140625 , 0.6645192671769584
0.4091796875 , 0.6641948740825101
0.40966796875 , 0.6638706393444631
0.41015625 , 0.6635465628855137
0.41064453125 , 0.6632226446283962
0.4111328125 , 0.6628988844958824
0.41162109375 , 0.6625752824107819
0.412109375 , 0.6622518382959418
0.41259765625 , 0.6619285520742472
0.4130859375 , 0.6616054236686205
0.41357421875 , 0.661282453002022
0.4140625 , 0.6609596399974496
0.41455078125 , 0.6606369845779384
0.4150390625 , 0.6603144866665616
0.41552734375 , 0.6599921461864295
0.416015625 , 0.6596699630606904
0.41650390625 , 0.6593479372125296
0.4169921875 , 0.6590260685651702
0.41748046875 , 0.6587043570418728
0.41796875 , 0.6583828025659354
0.41845703125 , 0.6580614050606934
0.4189453125 , 0.6577401644495197
0.41943359375 , 0.6574190806558244
0.419921875 , 0.6570981536030555
0.42041015625 , 0.6567773832146977
0.4208984375 , 0.6564567694142736
0.42138671875 , 0.6561363121253427
0.421875 , 0.6558160112715022
0.42236328125 , 0.6554958667763864
0.4228515625 , 0.6551758785636668
0.42333984375 , 0.6548560465570523
0.423828125 , 0.6545363706802891
0.42431640625 , 0.6542168508571605
0.4248046875 , 0.653897487011487
0.42529296875 , 0.6535782790671263
0.42578125 , 0.6532592269479733
0.42626953125 , 0.6529403305779601
0.4267578125 , 0.6526215898810558
0.42724609375 , 0.6523030047812668
0.427734375 , 0.6519845752026364
0.42822265625 , 0.6516663010692452
0.4287109375 , 0.6513481823052105
0.42919921875 , 0.6510302188346871
0.4296875 , 0.6507124105818666
0.43017578125 , 0.6503947574709774
0.4306640625 , 0.6500772594262852
0.43115234375 , 0.6497599163720926
0.431640625 , 0.6494427282327391
0.43212890625 , 0.6491256949326011
0.4326171875 , 0.648808816396092
0.43310546875 , 0.6484920925476622
0.43359375 , 0.6481755233117986
0.43408203125 , 0.6478591086130254
0.4345703125 , 0.6475428483759035
0.43505859375 , 0.6472267425250304
0.435546875 , 0.6469107909850407
0.43603515625 , 0.6465949936806056
0.4365234375 , 0.6462793505364333
0.43701171875 , 0.6459638614772685
0.4375 , 0.6456485264278927
0.43798828125 , 0.6453333453131243
0.4384765625 , 0.6450183180578181
0.43896484375 , 0.6447034445868659
0.439453125 , 0.6443887248251959
0.43994140625 , 0.6440741586977732
0.4404296875 , 0.6437597461295993
0.44091796875 , 0.6434454870457124
0.44140625 , 0.6431313813711872
0.44189453125 , 0.6428174290311353
0.4423828125 , 0.6425036299507044
0.44287109375 , 0.6421899840550791
0.443359375 , 0.6418764912694803
0.44384765625 , 0.6415631515191657
0.4443359375 , 0.641249964729429
0.44482421875 , 0.6409369308256008
0.4453125 , 0.640624049733048
0.44580078125 , 0.6403113213771738
0.4462890625 , 0.6399987456834182
0.44677734375 , 0.6396863225772571
0.447265625 , 0.6393740519842032
0.44775390625 , 0.6390619338298053
0.4482421875 , 0.6387499680396486
0.44873046875 , 0.6384381545393547
0.44921875 , 0.6381264932545816
0.44970703125 , 0.6378149841110232
0.4501953125 , 0.6375036270344101
0.45068359375 , 0.637192421950509
0.451171875 , 0.6368813687851227
0.45166015625 , 0.6365704674640905
0.4521484375 , 0.6362597179132876
0.45263671875 , 0.6359491200586257
0.453125 , 0.6356386738260523
0.45361328125 , 0.6353283791415514
0.4541015625 , 0.6350182359311429
0.45458984375 , 0.634708244120883
0.455078125 , 0.6343984036368637
0.45556640625 , 0.6340887144052134
0.4560546875 , 0.6337791763520965
0.45654296875 , 0.6334697894037132
0.45703125 , 0.6331605534863001
0.45751953125 , 0.6328514685261294
0.4580078125 , 0.6325425344495096
0.45849609375 , 0.6322337511827851
0.458984375 , 0.6319251186523362
0.45947265625 , 0.6316166367845792
0.4599609375 , 0.6313083055059663
0.46044921875 , 0.6310001247429855
0.4609375 , 0.6306920944221609
0.46142578125 , 0.6303842144700523
0.4619140625 , 0.6300764848132554
0.46240234375 , 0.6297689053784017
0.462890625 , 0.6294614760921585
0.46337890625 , 0.6291541968812291
0.4638671875 , 0.6288470676723523
0.46435546875 , 0.6285400883923029
0.46484375 , 0.6282332589678912
0.46533203125 , 0.6279265793259634
0.4658203125 , 0.6276200493934014
0.46630859375 , 0.6273136690971228
0.466796875 , 0.6270074383640808
0.46728515625 , 0.6267013571212643
0.4677734375 , 0.6263954252956978
0.46826171875 , 0.6260896428144416
0.46875 , 0.6257840096045914
0.46923828125 , 0.6254785255932784
0.4697265625 , 0.6251731907076699
0.47021484375 , 0.6248680048749681
0.470703125 , 0.6245629680224111
0.47119140625 , 0.6242580800772725
0.4716796875 , 0.6239533409668613
0.47216796875 , 0.623648750618522
0.47265625 , 0.6233443089596347
0.47314453125 , 0.6230400159176147
0.4736328125 , 0.622735871419913
0.47412109375 , 0.6224318753940159
0.474609375 , 0.622128027767445
0.47509765625 , 0.6218243284677575
0.4755859375 , 0.6215207774225457
0.47607421875 , 0.6212173745594376
0.4765625 , 0.6209141198060961
0.47705078125 , 0.6206110130902198
0.4775390625 , 0.6203080543395424
0.47802734375 , 0.6200052434818328
0.478515625 , 0.6197025804448953
0.47900390625 , 0.6194000651565695
0.4794921875 , 0.6190976975447301
0.47998046875 , 0.6187954775372869
0.48046875 , 0.6184934050621852
0.48095703125 , 0.6181914800474052
0.4814453125 , 0.6178897024209624
0.48193359375 , 0.6175880721109075
0.482421875 , 0.6172865890453261
0.48291015625 , 0.616985253152339
0.4833984375 , 0.6166840643601023
0.48388671875 , 0.6163830225968069
0.484375 , 0.6160821277906788
0.48486328125 , 0.6157813798699792
0.4853515625 , 0.6154807787630041
0.48583984375 , 0.6151803243980847
0.486328125 , 0.6148800167035869
0.48681640625 , 0.6145798556079121
0.4873046875 , 0.614279841039496
0.48779296875 , 0.6139799729268097
0.48828125 , 0.6136802511983591
0.48876953125 , 0.613380675782685
0.4892578125 , 0.6130812466083628
0.48974609375 , 0.6127819636040033
0.490234375 , 0.6124828266982517
0.49072265625 , 0.6121838358197883
0.4912109375 , 0.6118849908973281
0.49169921875 , 0.6115862918596209
0.4921875 , 0.6112877386354513
0.49267578125 , 0.6109893311536386
0.4931640625 , 0.6106910693430371
0.49365234375 , 0.6103929531325354
0.494140625 , 0.6100949824510572
0.49462890625 , 0.6097971572275608
0.4951171875 , 0.6094994773910389
0.49560546875 , 0.6092019428705193
0.49609375 , 0.6089045535950642
0.49658203125 , 0.6086073094937705
0.4970703125 , 0.6083102104957696
0.49755859375 , 0.6080132565302276
0.498046875 , 0.6077164475263452
0.49853515625 , 0.6074197834133577
0.4990234375 , 0.6071232641205346
0.49951171875 , 0.6068268895771805
0.5 , 0.606530659712634
0.50048828125 , 0.6062345744562684
0.5009765625 , 0.6059386337374916
0.50146484375 , 0.6056428374857457
0.501953125 , 0.6053471856305074
0.50244140625 , 0.6050516781012878
0.5029296875 , 0.6047563148276325
0.50341796875 , 0.6044610957391213
0.50390625 , 0.6041660207653686
0.50439453125 , 0.603871089836023
0.5048828125 , 0.6035763028807674
0.50537109375 , 0.6032816598293191
0.505859375 , 0.6029871606114299
0.50634765625 , 0.6026928051568855
0.5068359375 , 0.6023985933955063
0.50732421875 , 0.6021045252571465
0.5078125 , 0.6018106006716951
0.50830078125 , 0.6015168195690748
0.5087890625 , 0.6012231818792427
0.50927734375 , 0.6009296875321903
0.509765625 , 0.600636336457943
0.51025390625 , 0.6003431285865604
0.5107421875 , 0.6000500638481363
0.51123046875 , 0.5997571421727986
0.51171875 , 0.5994643634907095
0.51220703125 , 0.599171727732065
0.5126953125 , 0.5988792348270953
0.51318359375 , 0.5985868847060646
0.513671875 , 0.5982946772992712
0.51416015625 , 0.5980026125370476
0.5146484375 , 0.59771069034976
0.51513671875 , 0.5974189106678087
0.515625 , 0.5971272734216281
0.51611328125 , 0.5968357785416863
0.5166015625 , 0.5965444259584857
0.51708984375 , 0.5962532156025623
0.517578125 , 0.5959621474044862
0.51806640625 , 0.5956712212948613
0.5185546875 , 0.5953804372043253
0.51904296875 , 0.5950897950635501
0.51953125 , 0.594799294803241
0.52001953125 , 0.5945089363541375
0.5205078125 , 0.5942187196470127
0.52099609375 , 0.5939286446126735
0.521484375 , 0.5936387111819607
0.52197265625 , 0.5933489192857486
0.5224609375 , 0.5930592688549456
0.52294921875 , 0.5927697598204937
0.5234375 , 0.5924803921133684
0.52392578125 , 0.5921911656645792
0.5244140625 , 0.591902080405169
0.52490234375 , 0.5916131362662147
0.525390625 , 0.5913243331788265
0.52587890625 , 0.5910356710741483
0.5263671875 , 0.5907471498833579
0.52685546875 , 0.5904587695376663
0.52734375 , 0.5901705299683184
0.52783203125 , 0.5898824311065926
0.5283203125 , 0.5895944728838005
0.52880859375 , 0.5893066552312877
0.529296875 , 0.589018978080433
0.52978515625 , 0.588731441362649
0.5302734375 , 0.5884440450093815
0.53076171875 , 0.5881567889521099
0.53125 , 0.587869673122347
0.53173828125 , 0.5875826974516389
0.5322265625 , 0.5872958618715656
0.53271484375 , 0.5870091663137399
0.533203125 , 0.5867226107098084
0.53369140625 , 0.5864361949914507
0.5341796875 , 0.5861499190903803
0.53466796875 , 0.5858637829383434
0.53515625 , 0.58557778646712
0.53564453125 , 0.5852919296085232
0.5361328125 , 0.5850062122943993
0.53662109375 , 0.5847206344566281
0.537109375 , 0.5844351960271226
0.53759765625 , 0.5841498969378288
0.5380859375 , 0.5838647371207263
0.53857421875 , 0.5835797165078275
0.5390625 , 0.5832948350311782
0.53955078125 , 0.5830100926228575
0.5400390625 , 0.5827254892149775
0.54052734375 , 0.5824410247396833
0.541015625 , 0.5821566991291535
0.54150390625 , 0.5818725123155993
0.5419921875 , 0.5815884642312656
0.54248046875 , 0.5813045548084299
0.54296875 , 0.5810207839794029
0.54345703125 , 0.5807371516765285
0.5439453125 , 0.5804536578321833
0.54443359375 , 0.5801703023787772
0.544921875 , 0.579887085248753
0.54541015625 , 0.5796040063745864
0.5458984375 , 0.5793210656887863
0.54638671875 , 0.5790382631238942
0.546875 , 0.5787555986124847
0.54736328125 , 0.5784730720871655
0.5478515625 , 0.5781906834805769
0.54833984375 , 0.5779084327253923
0.548828125 , 0.5776263197543178
0.54931640625 , 0.5773443445000924
0.5498046875 , 0.577062506895488
0.55029296875 , 0.5767808068733092
0.55078125 , 0.5764992443663937
0.55126953125 , 0.5762178193076115
0.5517578125 , 0.5759365316298658
0.55224609375 , 0.5756553812660924
0.552734375 , 0.5753743681492598
0.55322265625 , 0.5750934922123692
0.5537109375 , 0.5748127533884545
0.55419921875 , 0.5745321516105826
0.5546875 , 0.5742516868118526
0.55517578125 , 0.5739713589253965
0.5556640625 , 0.573691167884379
0.55615234375 , 0.5734111136219973
0.556640625 , 0.5731311960714812
0.55712890625 , 0.5728514151660933
0.5576171875 , 0.5725717708391285
0.55810546875 , 0.5722922630239144
0.55859375 , 0.5720128916538113
0.55908203125 , 0.5717336566622118
0.5595703125 , 0.571454557982541
0.56005859375 , 0.5711755955482566
0.560546875 , 0.5708967692928488
0.56103515625 , 0.5706180791498403
0.5615234375 , 0.5703395250527862
0.56201171875 , 0.5700611069352739
0.5625 , 0.5697828247309235
0.56298828125 , 0.5695046783733871
0.5634765625 , 0.5692266677963498
0.56396484375 , 0.5689487929335284
0.564453125 , 0.5686710537186725
0.56494140625 , 0.568393450085564
0.5654296875 , 0.5681159819680168
0.56591796875 , 0.5678386492998776
0.56640625 , 0.567561452015025
0.56689453125 , 0.5672843900473699
0.5673828125 , 0.5670074633308557
0.56787109375 , 0.566730671799458
0.568359375 , 0.5664540153871845
0.56884765625 , 0.5661774940280752
0.5693359375 , 0.5659011076562022
0.56982421875 , 0.5656248562056698
0.5703125 , 0.5653487396106147
0.57080078125 , 0.5650727578052055
0.5712890625 , 0.5647969107236429
0.57177734375 , 0.5645211983001599
0.572265625 , 0.5642456204690216
0.57275390625 , 0.563970177164525
0.5732421875 , 0.5636948683209995
0.57373046875 , 0.5634196938728061
0.57421875 , 0.5631446537543382
0.57470703125 , 0.5628697479000212
0.5751953125 , 0.5625949762443123
0.57568359375 , 0.562320338721701
0.576171875 , 0.5620458352667085
0.57666015625 , 0.561771465813888
0.5771484375 , 0.561497230297825
0.57763671875 , 0.5612231286531364
0.578125 , 0.5609491608144713
0.57861328125 , 0.5606753267165108
0.5791015625 , 0.5604016262939676
0.57958984375 , 0.5601280594815866
0.580078125 , 0.5598546262141443
0.58056640625 , 0.5595813264264491
0.5810546875 , 0.5593081600533413
0.58154296875 , 0.5590351270296929
0.58203125 , 0.5587622272904079
0.58251953125 , 0.5584894607704218
0.5830078125 , 0.558216827404702
0.58349609375 , 0.5579443271282477
0.583984375 , 0.5576719598760898
0.58447265625 , 0.5573997255832907
0.5849609375 , 0.5571276241849448
0.58544921875 , 0.5568556556161781
0.5859375 , 0.5565838198121482
0.58642578125 , 0.5563121167080445
0.5869140625 , 0.5560405462390877
0.58740234375 , 0.5557691083405306
0.587890625 , 0.5554978029476573
0.58837890625 , 0.5552266299957834
0.5888671875 , 0.5549555894202564
0.58935546875 , 0.5546846811564551
0.58984375 , 0.5544139051397899
0.59033203125 , 0.5541432613057029
0.5908203125 , 0.5538727495896675
0.59130859375 , 0.5536023699271887
0.591796875 , 0.5533321222538029
0.59228515625 , 0.5530620065050781
0.5927734375 , 0.5527920226166136
0.59326171875 , 0.5525221705240404
0.59375 , 0.5522524501630206
0.59423828125 , 0.5519828614692479
0.5947265625 , 0.5517134043784473
0.59521484375 , 0.5514440788263753
0.595703125 , 0.5511748847488196
0.59619140625 , 0.5509058220815993
0.5966796875 , 0.550636890760565
0.59716796875 , 0.5503680907215984
0.59765625 , 0.5500994219006126
0.59814453125 , 0.5498308842335519
0.5986328125 , 0.549562477656392
0.59912109375 , 0.5492942021051398
0.599609375 , 0.5490260575158333
0.60009765625 , 0.548758043824542
0.6005859375 , 0.5484901609673662
0.60107421875 , 0.548222408880438
0.6015625 , 0.5479547874999202
0.60205078125 , 0.5476872967620068
0.6025390625 , 0.547419936602923
0.60302734375 , 0.5471527069589253
0.603515625 , 0.5468856077663011
0.60400390625 , 0.5466186389613691
0.6044921875 , 0.5463518004804788
0.60498046875 , 0.5460850922600111
0.60546875 , 0.5458185142363777
0.60595703125 , 0.5455520663460216
0.6064453125 , 0.5452857485254166
0.60693359375 , 0.5450195607110674
0.607421875 , 0.5447535028395101
0.60791015625 , 0.5444875748473115
0.6083984375 , 0.5442217766710694
0.60888671875 , 0.5439561082474126
0.609375 , 0.5436905695130008
0.60986328125 , 0.5434251604045246
0.6103515625 , 0.5431598808587056
0.61083984375 , 0.5428947308122961
0.611328125 , 0.5426297102020796
0.61181640625 , 0.5423648189648701
0.6123046875 , 0.5421000570375126
0.61279296875 , 0.5418354243568831
0.61328125 , 0.5415709208598881
0.61376953125 , 0.5413065464834651
0.6142578125 , 0.5410423011645824
0.61474609375 , 0.5407781848402389
0.615234375 , 0.5405141974474644
0.61572265625 , 0.5402503389233194
0.6162109375 , 0.5399866092048952
0.61669921875 , 0.5397230082293135
0.6171875 , 0.5394595359337272
0.61767578125 , 0.5391961922553195
0.6181640625 , 0.5389329771313043
0.61865234375 , 0.5386698904989263
0.619140625 , 0.5384069322954608
0.61962890625 , 0.5381441024582135
0.6201171875 , 0.5378814009245212
0.62060546875 , 0.5376188276317507
0.62109375 , 0.5373563825172998
0.62158203125 , 0.5370940655185965
0.6220703125 , 0.5368318765730997
0.62255859375 , 0.5365698156182988
0.623046875 , 0.5363078825917134
0.62353515625 , 0.5360460774308938
0.6240234375 , 0.535784400073421
0.62451171875 , 0.535522850456906
0.625 , 0.5352614285189906
0.62548828125 , 0.535000134197347
0.6259765625 , 0.5347389674296777
0.62646484375 , 0.5344779281537159
0.626953125 , 0.5342170163072247
0.62744140625 , 0.533956231827998
0.6279296875 , 0.53369557465386
0.62841796875 , 0.533435044722665
0.62890625 , 0.533174641972298
0.62939453125 , 0.5329143663406741
0.6298828125 , 0.5326542177657387
0.63037109375 , 0.5323941961854676
0.630859375 , 0.5321343015378668
0.63134765625 , 0.5318745337609725
0.6318359375 , 0.5316148927928513
0.63232421875 , 0.5313553785716001
0.6328125 , 0.5310959910353457
0.63330078125 , 0.5308367301222453
0.6337890625 , 0.5305775957704865
0.63427734375 , 0.5303185879182866
0.634765625 , 0.5300597065038934
0.63525390625 , 0.5298009514655848
0.6357421875 , 0.5295423227416688
0.63623046875 , 0.5292838202704835
0.63671875 , 0.529025443990397
0.63720703125 , 0.5287671938398076
0.6376953125 , 0.5285090697571438
0.63818359375 , 0.528251071680864
0.638671875 , 0.5279931995494567
0.63916015625 , 0.5277354533014402
0.6396484375 , 0.5274778328753632
0.64013671875 , 0.5272203382098041
0.640625 , 0.5269629692433714
0.64111328125 , 0.5267057259147035
0.6416015625 , 0.526448608162469
0.64208984375 , 0.526191615925366
0.642578125 , 0.5259347491421229
0.64306640625 , 0.5256780077514979
0.6435546875 , 0.5254213916922791
0.64404296875 , 0.5251649009032844
0.64453125 , 0.5249085353233617
0.64501953125 , 0.5246522948913885
0.6455078125 , 0.5243961795462726
0.64599609375 , 0.5241401892269512
0.646484375 , 0.5238843238723914
0.64697265625 , 0.5236285834215901
0.6474609375 , 0.5233729678135742
0.64794921875 , 0.5231174769874002
0.6484375 , 0.5228621108821542
0.64892578125 , 0.5226068694369521
0.6494140625 , 0.5223517525909398
0.64990234375 , 0.5220967602832927
0.650390625 , 0.5218418924532157
0.65087890625 , 0.5215871490399436
0.6513671875 , 0.521332529982741
0.65185546875 , 0.521078035220902
0.65234375 , 0.5208236646937502
0.65283203125 , 0.520569418340639
0.6533203125 , 0.5203152961009512
0.65380859375 , 0.5200612979140995
0.654296875 , 0.5198074237195259
0.65478515625 , 0.5195536734567022
0.6552734375 , 0.5193000470651296
0.65576171875 , 0.5190465444843387
0.65625 , 0.51879316565389
0.65673828125 , 0.5185399105133731
0.6572265625 , 0.5182867790024073
0.65771484375 , 0.5180337710606413
0.658203125 , 0.5177808866277535
0.65869140625 , 0.5175281256434513
0.6591796875 , 0.517275488047472
0.65966796875 , 0.5170229737795821
0.66015625 , 0.5167705827795773
0.66064453125 , 0.5165183149872831
0.6611328125 , 0.516266170342554
0.66162109375 , 0.5160141487852741
0.662109375 , 0.5157622502553568
0.66259765625 , 0.5155104746927449
0.6630859375 , 0.5152588220374102
0.66357421875 , 0.5150072922293543
0.6640625 , 0.5147558852086076
0.66455078125 , 0.5145046009152301
0.6650390625 , 0.5142534392893109
0.66552734375 , 0.5140024002709684
0.666015625 , 0.5137514838003504
0.66650390625 , 0.5135006898176335
0.6669921875 , 0.513250018263024
0.66748046875 , 0.5129994690767569
0.66796875 , 0.5127490421990967
0.66845703125 , 0.512498737570337
0.6689453125 , 0.5122485551308006
0.66943359375 , 0.5119984948208393
0.669921875 , 0.511748556580834
0.67041015625 , 0.5114987403511948
0.6708984375 , 0.511249046072361
0.67138671875 , 0.5109994736848007
0.671875 , 0.5107500231290113
0.67236328125 , 0.510500694345519
0.6728515625 , 0.5102514872748795
0.67333984375 , 0.5100024018576769
0.673828125 , 0.5097534380345247
0.67431640625 , 0.5095045957460652
0.6748046875 , 0.50925587493297
0.67529296875 , 0.5090072755359393
0.67578125 , 0.5087587974957023
0.67626953125 , 0.5085104407530174
0.6767578125 , 0.5082622052486717
0.67724609375 , 0.5080140909234812
0.677734375 , 0.5077660977182907
0.67822265625 , 0.5075182255739742
0.6787109375 , 0.5072704744314344
0.67919921875 , 0.5070228442316026
0.6796875 , 0.5067753349154394
0.68017578125 , 0.5065279464239337
0.6806640625 , 0.5062806786981038
0.68115234375 , 0.5060335316789963
0.681640625 , 0.5057865053076869
0.68212890625 , 0.5055395995252797
0.6826171875 , 0.505292814272908
0.68310546875 , 0.5050461494917334
0.68359375 , 0.5047996051229466
0.68408203125 , 0.5045531811077668
0.6845703125 , 0.5043068773874418
0.68505859375 , 0.5040606939032485
0.685546875 , 0.5038146305964919
0.68603515625 , 0.503568687408506
0.6865234375 , 0.5033228642806534
0.68701171875 , 0.5030771611543254
0.6875 , 0.5028315779709417
0.68798828125 , 0.5025861146719507
0.6884765625 , 0.5023407711988295
0.68896484375 , 0.5020955474930835
0.689453125 , 0.5018504434962469
0.68994140625 , 0.5016054591498823
0.6904296875 , 0.501360594395581
0.69091796875 , 0.5011158491749625
0.69140625 , 0.5008712234296752
0.69189453125 , 0.5006267171013956
0.6923828125 , 0.500382330131829
0.69287109375 , 0.5001380624627089
0.693359375 , 0.4998939140357973
0.69384765625 , 0.4996498847928848
0.6943359375 , 0.4994059746757903
0.69482421875 , 0.499162183626361
0.6953125 , 0.49891851158647266
0.69580078125 , 0.4986749584980293
0.6962890625 , 0.4984315243029633
0.69677734375 , 0.49818820894323546
0.697265625 , 0.4979450123608349
0.69775390625 , 0.497701934497779
0.6982421875 , 0.4974589752961135
0.69873046875 , 0.4972161346979124
0.69921875 , 0.49697341264527806
0.69970703125 , 0.49673080908034095
0.7001953125 , 0.4964883239452599
0.70068359375 , 0.49624595718222186
0.701171875 , 0.49600370873344224
0.70166015625 , 0.4957615785411644
0.7021484375 , 0.49551956654766005
0.70263671875 , 0.49527767269522904
0.703125 , 0.4950358969261993
0.70361328125 , 0.4947942391829271
0.7041015625 , 0.49455269940779667
0.70458984375 , 0.49431127754322046
0.705078125 , 0.49406997353163906
0.70556640625 , 0.49382878731552105
0.7060546875 , 0.4935877188373632
0.70654296875 , 0.49334676803969024
0.70703125 , 0.49310593486505505
0.70751953125 , 0.49286521925603854
0.7080078125 , 0.49262462115524963
0.70849609375 , 0.49238414050532525
0.708984375 , 0.4921437772489304
0.70947265625 , 0.4919035313287579
0.7099609375 , 0.4916634026875288
0.71044921875 , 0.49142339126799184
0.7109375 , 0.4911834970129239
0.71142578125 , 0.49094371986512975
0.7119140625 , 0.490704059767442
0.71240234375 , 0.4904645166627213
0.712890625 , 0.49022509049385604
0.71337890625 , 0.4899857812037626
0.7138671875 , 0.4897465887353853
0.71435546875 , 0.4895075130316961
0.71484375 , 0.4892685540356949
0.71533203125 , 0.4890297116904095
0.7158203125 , 0.48879098593889536
0.71630859375 , 0.4885523767242359
0.716796875 , 0.48831388398954223
0.71728515625 , 0.48807550767795327
0.7177734375 , 0.48783724773263565
0.71826171875 , 0.4875991040967838
0.71875 , 0.48736107671361983
0.71923828125 , 0.48712316552639356
0.7197265625 , 0.4868853704783826
0.72021484375 , 0.4866476915128921
0.720703125 , 0.4864101285732551
0.72119140625 , 0.4861726816028321
0.7216796875 , 0.48593535054501136
0.72216796875 , 0.4856981353432087
0.72265625 , 0.4854610359408677
0.72314453125 , 0.4852240522814594
0.7236328125 , 0.4849871843084824
0.72412109375 , 0.48475043196546314
0.724609375 , 0.48451379519595533
0.72509765625 , 0.4842772739435405
0.7255859375 , 0.48404086815182745
0.72607421875 , 0.48380457776445274
0.7265625 , 0.4835684027250803
0.72705078125 , 0.4833323429774016
0.7275390625 , 0.48309639846513563
0.72802734375 , 0.48286056913202885
0.728515625 , 0.48262485492185514
0.72900390625 , 0.4823892557784159
0.7294921875 , 0.48215377164553985
0.72998046875 , 0.48191840246708323
0.73046875 , 0.4816831481869297
0.73095703125 , 0.4814480087489902
0.7314453125 , 0.4812129840972031
0.73193359375 , 0.48097807417553423
0.732421875 , 0.48074327892797664
0.73291015625 , 0.4805085982985508
0.7333984375 , 0.4802740322313045
0.73388671875 , 0.4800395806703128
0.734375 , 0.4798052435596782
0.73486328125 , 0.4795710208435302
0.7353515625 , 0.4793369124660259
0.73583984375 , 0.4791029183713494
0.736328125 , 0.4788690385037122
0.73681640625 , 0.478635272807353
0.7373046875 , 0.4784016212265378
0.73779296875 , 0.4781680837055596
0.73828125 , 0.4779346601887387
0.73876953125 , 0.4777013506204227
0.7392578125 , 0.4774681549449862
0.73974609375 , 0.477235073106831
0.740234375 , 0.4770021050503861
0.74072265625 , 0.47676925072010756
0.7412109375 , 0.47653651006047865
0.74169921875 , 0.47630388301600957
0.7421875 , 0.4760713695312378
0.74267578125 , 0.47583896955072774
0.7431640625 , 0.47560668301907094
0.74365234375 , 0.475374509880886
0.744140625 , 0.47514245008081846
0.74462890625 , 0.474910503563541
0.7451171875 , 0.4746786702737532
0.74560546875 , 0.4744469501561818
0.74609375 , 0.4742153431555804
0.74658203125 , 0.4739838492167295
0.7470703125 , 0.4737524682844367
0.74755859375 , 0.47352120030353645
0.748046875 , 0.47329004521889023
0.74853515625 , 0.47305900297538633
0.7490234375 , 0.47282807351794
0.74951171875 , 0.47259725679149334
0.75 , 0.47236655274101536
0.75048828125 , 0.47213596131150193
0.7509765625 , 0.4719054824479758
0.75146484375 , 0.4716751160954865
0.751953125 , 0.4714448621991104
0.75244140625 , 0.4712147207039507
0.7529296875 , 0.4709846915551374
0.75341796875 , 0.4707547746978273
0.75390625 , 0.4705249700772039
0.75439453125 , 0.4702952776384775
0.7548828125 , 0.4700656973268852
0.75537109375 , 0.46983622908769074
0.755859375 , 0.4696068728661847
0.75634765625 , 0.4693776286076842
0.7568359375 , 0.46914849625753324
0.75732421875 , 0.4689194757611024
0.7578125 , 0.46869056706378887
0.75830078125 , 0.4684617701110166
0.7587890625 , 0.4682330848482361
0.75927734375 , 0.4680045112209246
0.759765625 , 0.46777604917458593
0.76025390625 , 0.46754769865475043
0.7607421875 , 0.46731945960697513
0.76123046875 , 0.4670913319768436
0.76171875 , 0.466863315709966
0.76220703125 , 0.4666354107519789
0.7626953125 , 0.46640761704854566
0.76318359375 , 0.46617993454535595
0.763671875 , 0.46595236318812605
0.76416015625 , 0.4657249029225987
0.7646484375 , 0.4654975536945432
0.76513671875 , 0.4652703154497552
0.765625 , 0.46504318813405693
0.76611328125 , 0.464816171693297
0.7666015625 , 0.46458926607335044
0.76708984375 , 0.46436247122011876
0.767578125 , 0.4641357870795299
0.76806640625 , 0.4639092135975381
0.7685546875 , 0.46368275072012405
0.76904296875 , 0.4634563983932947
0.76953125 , 0.4632301565630836
0.77001953125 , 0.4630040251755504
0.7705078125 , 0.46277800417678117
0.77099609375 , 0.46255209351288834
0.771484375 , 0.4623262931300106
0.77197265625 , 0.46210060297431294
0.7724609375 , 0.46187502299198663
0.77294921875 , 0.4616495531292492
0.7734375 , 0.46142419333234447
0.77392578125 , 0.4611989435475425
0.7744140625 , 0.46097380372113944
0.77490234375 , 0.4607487737994579
0.775390625 , 0.4605238537288465
0.77587890625 , 0.4602990434556802
0.7763671875 , 0.4600743429263599
0.77685546875 , 0.45984975208731294
0.77734375 , 0.4596252708849926
0.77783203125 , 0.45940089926587846
0.7783203125 , 0.45917663717647617
0.77880859375 , 0.45895248456331744
0.779296875 , 0.4587284413729601
0.77978515625 , 0.4585045075519881
0.7802734375 , 0.45828068304701153
0.78076171875 , 0.45805696780466637
0.78125 , 0.4578333617716148
0.78173828125 , 0.457609864894545
0.7822265625 , 0.45738647712017116
0.78271484375 , 0.45716319839523345
0.783203125 , 0.4569400286664981
0.78369140625 , 0.4567169678807572
0.7841796875 , 0.4564940159848291
0.78466796875 , 0.45627117292555774
0.78515625 , 0.4560484386498133
0.78564453125 , 0.4558258131044918
0.7861328125 , 0.4556032962365151
0.78662109375 , 0.45538088799283105
0.787109375 , 0.45515858832041345
0.78759765625 , 0.4549363971662619
0.7880859375 , 0.4547143144774019
0.78857421875 , 0.4544923402008848
0.7890625 , 0.45427047428378786
0.78955078125 , 0.45404871667321406
0.7900390625 , 0.4538270673162923
0.79052734375 , 0.4536055261601772
0.791015625 , 0.45338409315204925
0.79150390625 , 0.4531627682391148
0.7919921875 , 0.45294155136860575
0.79248046875 , 0.45272044248777993
0.79296875 , 0.4524994415439209
0.79345703125 , 0.4522785484843379
0.7939453125 , 0.45205776325636593
0.79443359375 , 0.4518370858073657
0.794921875 , 0.4516165160847236
0.79541015625 , 0.4513960540358517
0.7958984375 , 0.45117569960818776
0.79638671875 , 0.4509554527491952
0.796875 , 0.450735313406363
0.79736328125 , 0.45051528152720594
0.7978515625 , 0.45029535705926427
0.79833984375 , 0.45007553995010396
0.798828125 , 0.4498558301473165
0.79931640625 , 0.449636227598519
0.7998046875 , 0.44941673225135415
0.80029296875 , 0.44919734405349016
0.80078125 , 0.44897806295262077
0.80126953125 , 0.4487588888964653
0.8017578125 , 0.44853982183276864
0.80224609375 , 0.4483208617093011
0.802734375 , 0.4481020084738585
0.80322265625 , 0.4478832620742622
0.8037109375 , 0.447664622458359
0.80419921875 , 0.44744608957402104
0.8046875 , 0.44722766336914616
0.80517578125 , 0.4470093437916574
0.8056640625 , 0.4467911307895034
0.80615234375 , 0.44657302431065804
0.806640625 , 0.44635502430312074
0.80712890625 , 0.4461371307149162
0.8076171875 , 0.4459193434940945
0.80810546875 , 0.44570166258873123
0.80859375 , 0.4454840879469272
0.80908203125 , 0.4452666195168085
0.8095703125 , 0.4450492572465267
0.81005859375 , 0.4448320010842585
0.810546875 , 0.4446148509782061
0.81103515625 , 0.4443978068765968
0.8115234375 , 0.44418086872768325
0.81201171875 , 0.4439640364797434
0.8125 , 0.4437473100810804
0.81298828125 , 0.44353068948002267
0.8134765625 , 0.4433141746249238
0.81396484375 , 0.44309776546416263
0.814453125 , 0.44288146194614325
0.81494140625 , 0.4426652640192948
0.8154296875 , 0.4424491716320717
0.81591796875 , 0.44223318473295353
0.81640625 , 0.44201730327044503
0.81689453125 , 0.44180152719307597
0.8173828125 , 0.44158585644940135
0.81787109375 , 0.4413702909880013
0.818359375 , 0.44115483075748096
0.81884765625 , 0.44093947570647063
0.8193359375 , 0.44072422578362563
0.81982421875 , 0.4405090809376264
0.8203125 , 0.44029404111717846
0.82080078125 , 0.44007910627101227
0.8212890625 , 0.4398642763478834
0.82177734375 , 0.43964955129657235
0.822265625 , 0.4394349310658847
0.82275390625 , 0.439220415604651
0.8232421875 , 0.4390060048617268
0.82373046875 , 0.43879169878599256
0.82421875 , 0.43857749732635376
0.82470703125 , 0.43836340043174077
0.8251953125 , 0.4381494080511089
0.82568359375 , 0.43793552013343845
0.826171875 , 0.4377217366277345
0.82666015625 , 0.4375080574830271
0.8271484375 , 0.43729448264837123
0.82763671875 , 0.4370810120728466
0.828125 , 0.43686764570555786
0.82861328125 , 0.43665438349563457
0.8291015625 , 0.436441225392231
0.82958984375 , 0.43622817134452635
0.830078125 , 0.4360152213017245
0.83056640625 , 0.43580237521305426
0.8310546875 , 0.43558963302776915
0.83154296875 , 0.43537699469514746
0.83203125 , 0.4351644601644923
0.83251953125 , 0.43495202938513144
0.8330078125 , 0.4347397023064175
0.83349609375 , 0.43452747887772775
0.833984375 , 0.43431535904846413
0.83447265625 , 0.43410334276805335
0.8349609375 , 0.43389142998594676
0.83544921875 , 0.43367962065162047
0.8359375 , 0.4334679147145752
0.83642578125 , 0.43325631212433624
0.8369140625 , 0.4330448128304537
0.83740234375 , 0.43283341678250215
0.837890625 , 0.43262212393008087
0.83837890625 , 0.43241093422281374
0.8388671875 , 0.4321998476103492
0.83935546875 , 0.4319888640423602
0.83984375 , 0.4317779834685444
0.84033203125 , 0.43156720583862396
0.8408203125 , 0.43135653110234556
0.84130859375 , 0.43114595920948046
0.841796875 , 0.4309354901098244
0.84228515625 , 0.4307251237531976
0.8427734375 , 0.43051486008944484
0.84326171875 , 0.4303046990684353
0.84375 , 0.4300946406400628
0.84423828125 , 0.4298846847542454
0.8447265625 , 0.42967483136092577
0.84521484375 , 0.4294650804100709
0.845703125 , 0.42925543185167236
0.84619140625 , 0.42904588563574597
0.8466796875 , 0.42883644171233204
0.84716796875 , 0.42862710003149523
0.84765625 , 0.4284178605433246
0.84814453125 , 0.42820872319793357
0.8486328125 , 0.42799968794545995
0.84912109375 , 0.42779075473606576
0.849609375 , 0.4275819235199375
0.85009765625 , 0.4273731942472859
0.8505859375 , 0.4271645668683461
0.85107421875 , 0.4269560413333774
0.8515625 , 0.4267476175926634
0.85205078125 , 0.42653929559651205
0.8525390625 , 0.4263310752952555
0.85302734375 , 0.42612295663925015
0.853515625 , 0.4259149395788767
0.85400390625 , 0.42570702406454
0.8544921875 , 0.4254992100466691
0.85498046875 , 0.42529149747571726
0.85546875 , 0.425083886302162
0.85595703125 , 0.4248763764765049
0.8564453125 , 0.4246689679492718
0.85693359375 , 0.4244616606710126
0.857421875 , 0.42425445459230143
0.85791015625 , 0.42404734966373653
0.8583984375 , 0.4238403458359402
0.85888671875 , 0.4236334430595589
0.859375 , 0.4234266412852632
0.85986328125 , 0.42321994046374767
0.8603515625 , 0.423013340545731
0.86083984375 , 0.4228068414819559
0.861328125 , 0.4226004432231892
0.86181640625 , 0.42239414572022166
0.8623046875 , 0.4221879489238682
0.86279296875 , 0.42198185278496764
0.86328125 , 0.4217758572543828
0.86376953125 , 0.4215699622830006
0.8642578125 , 0.42136416782173175
0.86474609375 , 0.4211584738215111
0.865234375 , 0.42095288023329736
0.86572265625 , 0.4207473870080732
0.8662109375 , 0.4205419940968452
0.86669921875 , 0.42033670145064383
0.8671875 , 0.4201315090205236
0.86767578125 , 0.41992641675756276
0.8681640625 , 0.4197214246128635
0.86865234375 , 0.4195165325375519
0.869140625 , 0.41931174048277786
0.86962890625 , 0.4191070483997152
0.8701171875 , 0.4189024562395615
0.87060546875 , 0.4186979639535382
0.87109375 , 0.4184935714928905
0.87158203125 , 0.4182892788088875
0.8720703125 , 0.41808508585282195
0.87255859375 , 0.4178809925760105
0.873046875 , 0.41767699892979354
0.87353515625 , 0.4174731048655351
0.8740234375 , 0.41726931033462317
0.87451171875 , 0.41706561528846925
0.875 , 0.4168620196785087
0.87548828125 , 0.4166585234562006
0.8759765625 , 0.4164551265730275
0.87646484375 , 0.416251828980496
0.876953125 , 0.4160486306301361
0.87744140625 , 0.41584553147350145
0.8779296875 , 0.41564253146216956
0.87841796875 , 0.4154396305477414
0.87890625 , 0.41523682868184164
0.87939453125 , 0.4150341258161185
0.8798828125 , 0.41483152190224387
0.88037109375 , 0.4146290168919132
0.880859375 , 0.4144266107368456
0.88134765625 , 0.41422430338878363
0.8818359375 , 0.4140220947994935
0.88232421875 , 0.4138199849207648
0.8828125 , 0.41361797370441095
0.88330078125 , 0.41341606110226864
0.8837890625 , 0.41321424706619814
0.88427734375 , 0.41301253154808326
0.884765625 , 0.41281091449983126
0.88525390625 , 0.41260939587337286
0.8857421875 , 0.41240797562066234
0.88623046875 , 0.4122066536936773
0.88671875 , 0.4120054300444189
0.88720703125 , 0.4118043046249117
0.8876953125 , 0.41160327738720354
0.88818359375 , 0.4114023482833659
0.888671875 , 0.41120151726549353
0.88916015625 , 0.4110007842857046
0.8896484375 , 0.41080014929614056
0.89013671875 , 0.4105996122489664
0.890625 , 0.4103991730963703
0.89111328125 , 0.4101988317905639
0.8916015625 , 0.409998588283782
0.89208984375 , 0.40979844252828296
0.892578125 , 0.4095983944763482
0.89306640625 , 0.40939844408028264
0.8935546875 , 0.4091985912924143
0.89404296875 , 0.40899883606509463
0.89453125 , 0.40879917835069823
0.89501953125 , 0.40859961810162304
0.8955078125 , 0.4084001552702901
0.89599609375 , 0.40820078980914387
0.896484375 , 0.40800152167065185
0.89697265625 , 0.4078023508073048
0.8974609375 , 0.40760327717161676
0.89794921875 , 0.4074043007161248
0.8984375 , 0.40720542139338933
0.89892578125 , 0.4070066391559937
0.8994140625 , 0.4068079539565446
0.89990234375 , 0.4066093657476718
0.900390625 , 0.4064108744820282
0.90087890625 , 0.40621248011228966
0.9013671875 , 0.4060141825911554
0.90185546875 , 0.4058159818713476
0.90234375 , 0.40561787790561143
0.90283203125 , 0.4054198706467153
0.9033203125 , 0.40522196004745065
0.90380859375 , 0.4050241460606318
0.904296875 , 0.4048264286390963
0.90478515625 , 0.4046288077357046
0.9052734375 , 0.4044312833033402
0.90576171875 , 0.4042338552949097
0.90625 , 0.4040365236633425
0.90673828125 , 0.40383928836159105
0.9072265625 , 0.4036421493426309
0.90771484375 , 0.4034451065594603
0.908203125 , 0.40324815996510066
0.90869140625 , 0.40305130951259627
0.9091796875 , 0.4028545551550143
0.90966796875 , 0.40265789684544484
0.91015625 , 0.40246133453700095
0.91064453125 , 0.4022648681828185
0.9111328125 , 0.40206849773605624
0.91162109375 , 0.40187222314989585
0.912109375 , 0.40167604437754173
0.91259765625 , 0.4014799613722213
0.9130859375 , 0.4012839740871847
0.91357421875 , 0.40108808247570493
0.9140625 , 0.4008922864910778
0.91455078125 , 0.40069658608662184
0.9150390625 , 0.4005009812156785
0.91552734375 , 0.4003054718316119
0.916015625 , 0.400110057887809
0.91650390625 , 0.3999147393376795
0.9169921875 , 0.39971951613465584
0.91748046875 , 0.3995243882321931
0.91796875 , 0.39932935558376925
0.91845703125 , 0.3991344181428848
0.9189453125 , 0.3989395758630631
0.91943359375 , 0.39874482869785016
0.919921875 , 0.39855017660081454
0.92041015625 , 0.39835561952554766
0.9208984375 , 0.39816115742566344
0.92138671875 , 0.3979667902547985
0.921875 , 0.39777251796661206
0.92236328125 , 0.3975783405147861
0.9228515625 , 0.397384257853025
0.92333984375 , 0.39719026993505596
0.923828125 , 0.39699637671462856
0.92431640625 , 0.3968025781455151
0.9248046875 , 0.3966088741815104
0.92529296875 , 0.3964152647764318
0.92578125 , 0.39622174988411923
0.92626953125 , 0.39602832945843514
0.9267578125 , 0.39583500345326456
0.92724609375 , 0.3956417718225149
0.927734375 , 0.3954486345201162
0.92822265625 , 0.39525559150002093
0.9287109375 , 0.39506264271620406
0.92919921875 , 0.394869788122663
0.9296875 , 0.39467702767341756
0.93017578125 , 0.39448436132251014
0.9306640625 , 0.3942917890240055
0.93115234375 , 0.39409931073199084
0.931640625 , 0.39390692640057573
0.93212890625 , 0.39371463598389217
0.9326171875 , 0.39352243943609455
0.93310546875 , 0.39333033671135964
0.93359375 , 0.39313832776388663
0.93408203125 , 0.392946412547897
0.9345703125 , 0.3927545910176345
0.93505859375 , 0.39256286312736544
0.935546875 , 0.39237122883137826
0.93603515625 , 0.3921796880839838
0.9365234375 , 0.39198824083951517
0.93701171875 , 0.3917968870523278
0.9375 , 0.3916056266767994
0.93798828125 , 0.3914144596673299
0.9384765625 , 0.3912233859783416
0.93896484375 , 0.391032405564279
0.939453125 , 0.39084151837960873
0.93994140625 , 0.39065072437881976
0.9404296875 , 0.3904600235164233
0.94091796875 , 0.3902694157469527
0.94140625 , 0.39007890102496345
0.94189453125 , 0.3898884793050334
0.9423828125 , 0.38969815054176243
0.94287109375 , 0.38950791468977264
0.943359375 , 0.3893177717037083
0.94384765625 , 0.3891277215382357
0.9443359375 , 0.38893776414804343
0.94482421875 , 0.3887478994878421
0.9453125 , 0.38855812751236446
0.94580078125 , 0.3883684481763653
0.9462890625 , 0.38817886143462155
0.94677734375 , 0.3879893672419322
0.947265625 , 0.3877999655531184
0.94775390625 , 0.38761065632302316
0.9482421875 , 0.3874214395065117
0.94873046875 , 0.38723231505847117
0.94921875 , 0.3870432829338108
0.94970703125 , 0.38685434308746186
0.9501953125 , 0.38666549547437756
0.95068359375 , 0.3864767400495331
0.951171875 , 0.38628807676792565
0.95166015625 , 0.38609950558457445
0.9521484375 , 0.3859110264545206
0.95263671875 , 0.38572263933282713
0.953125 , 0.3855343441745791
0.95361328125 , 0.38534614093488345
0.9541015625 , 0.385158029568869
0.95458984375 , 0.3849700100316865
0.955078125 , 0.38478208227850863
0.95556640625 , 0.38459424626452987
0.9560546875 , 0.38440650194496667
0.95654296875 , 0.3842188492750573
0.95703125 , 0.3840312882100618
0.95751953125 , 0.38384381870526224
0.9580078125 , 0.38365644071596233
0.95849609375 , 0.3834691541974877
0.958984375 , 0.3832819591051858
0.95947265625 , 0.3830948553944258
0.9599609375 , 0.38290784302059866
0.96044921875 , 0.3827209219391172
0.9609375 , 0.382534092105416
0.96142578125 , 0.38234735347495125
0.9619140625 , 0.38216070600320107
0.96240234375 , 0.38197414964566523
0.962890625 , 0.3817876843578652
0.96337890625 , 0.3816013100953442
0.9638671875 , 0.3814150268136671
0.96435546875 , 0.3812288344684206
0.96484375 , 0.3810427330152129
0.96533203125 , 0.380856722409674
0.9658203125 , 0.3806708026074555
0.96630859375 , 0.38048497356423067
0.966796875 , 0.3802992352356944
0.96728515625 , 0.38011358757756325
0.9677734375 , 0.37992803054557533
0.96826171875 , 0.37974256409549045
0.96875 , 0.3795571881830899
0.96923828125 , 0.37937190276417665
0.9697265625 , 0.3791867077945752
0.97021484375 , 0.3790016032301316
0.970703125 , 0.37881658902671356
0.97119140625 , 0.3786316651402102
0.9716796875 , 0.37844683152653225
0.97216796875 , 0.3782620881416119
0.97265625 , 0.37807743494140295
0.97314453125 , 0.3778928718818806
0.9736328125 , 0.3777083989190416
0.97412109375 , 0.37752401600890423
0.974609375 , 0.3773397231075081
0.97509765625 , 0.37715552017091436
0.9755859375 , 0.3769714071552056
0.97607421875 , 0.3767873840164859
0.9765625 , 0.37660345071088075
0.97705078125 , 0.37641960719453693
0.9775390625 , 0.3762358534236228
0.97802734375 , 0.37605218935432805
0.978515625 , 0.3758686149428637
0.97900390625 , 0.3756851301454623
0.9794921875 , 0.37550173491837757
0.97998046875 , 0.3753184292178847
0.98046875 , 0.37513521300028024
0.98095703125 , 0.374952086221882
0.9814453125 , 0.3747690488390291
0.98193359375 , 0.37458610080808213
0.982421875 , 0.37440324208542286
0.98291015625 , 0.37422047262745434
0.9833984375 , 0.3740377923906009
0.98388671875 , 0.3738552013313083
0.984375 , 0.3736726994060433
0.98486328125 , 0.37349028657129413
0.9853515625 , 0.37330796278357015
0.98583984375 , 0.373125727999402
0.986328125 , 0.37294358217534157
0.98681640625 , 0.3727615252679618
0.9873046875 , 0.372579557233857
0.98779296875 , 0.37239767802964263
0.98828125 , 0.3722158876119553
0.98876953125 , 0.37203418593745274
0.9892578125 , 0.37185257296281393
0.98974609375 , 0.371671048644739
0.990234375 , 0.3714896129399491
0.99072265625 , 0.3713082658051866
0.9912109375 , 0.37112700719721503
0.99169921875 , 0.3709458370728189
0.9921875 , 0.370764755388804
0.99267578125 , 0.37058376210199695
0.9931640625 , 0.3704028571692457
0.99365234375 , 0.3702220405474191
0.994140625 , 0.3700413121934071
0.99462890625 , 0.3698606720641207
0.9951171875 , 0.369680120116492
0.99560546875 , 0.36949965630747394
0.99609375 , 0.36931928059404073
0.99658203125 , 0.36913899293318736
0.9970703125 , 0.36895879328192993
0.99755859375 , 0.3687786815973055
0.998046875 , 0.3685986578363721
0.99853515625 , 0.3684187219562087
0.9990234375 , 0.3682388739139152
0.99951171875 , 0.36805911366661254
1.0 , 0.36787944117144256
