0.0 , 1.0000000000000002
1.589 , 0.9646980443699315
3.178 , 0.9361548649370384
4.7669999999999995 , 0.9126352584982742
6.356 , 0.8929398813713751
7.945 , 0.8762167549350117
9.534 , 0.8618459137967659
11.123000000000001 , 0.8493665305844683
12.712000000000002 , 0.8384295456536699
14.301000000000002 , 0.8287660778114915
15.890000000000002 , 0.8201658677577451
17.479000000000003 , 0.8124622583521998
19.068 , 0.8055215300468884
20.657 , 0.7992351975330727
22.246 , 0.7935143575482327
23.834999999999997 , 0.7882854818434988
25.423999999999996 , 0.7834872443798822
27.012999999999995 , 0.7790680993924628
28.601999999999993 , 0.774984411883219
30.190999999999992 , 0.7711989995700433
31.77999999999999 , 0.7676799848049961
33.36899999999999 , 0.7643998824927386
34.95799999999999 , 0.7613348694726587
36.54699999999999 , 0.7584641947213778
38.13599999999999 , 0.7557696997804019
39.72499999999999 , 0.75323542615981
41.313999999999986 , 0.7508472918943679
42.902999999999984 , 0.7485928234738694
44.49199999999998 , 0.7464609324130909
46.08099999999998 , 0.744441728036087
47.66999999999998 , 0.7425263598158315
49.25899999999998 , 0.7407068839714083
50.84799999999998 , 0.7389761500815081
52.436999999999976 , 0.7373277042986557
54.025999999999975 , 0.7357557063980271
55.614999999999974 , 0.7342548584086487
57.20399999999997 , 0.732820342983871
58.79299999999997 , 0.7314477699954669
60.38199999999997 , 0.7301331300992057
61.97099999999997 , 0.7288727542328678
63.55999999999997 , 0.7276632781808643
65.14899999999997 , 0.726501611481027
66.73799999999997 , 0.7253849100651047
68.32699999999997 , 0.7243105521200038
69.91599999999997 , 0.7232761167357872
71.50499999999997 , 0.7222793649720067
73.09399999999997 , 0.7213182230285777
74.68299999999996 , 0.7203907672530844
76.27199999999996 , 0.7194952107547533
77.86099999999996 , 0.718629891427607
79.44999999999996 , 0.7177932612125806
81.03899999999996 , 0.7169838764514893
82.62799999999996 , 0.7162003892053721
84.21699999999996 , 0.7154415394264682
85.80599999999995 , 0.7147061478873935
87.39499999999995 , 0.7139931097833367
88.98399999999995 , 0.7133013889336313
90.57299999999995 , 0.71263001251813
92.16199999999995 , 0.7119780662916448
93.75099999999995 , 0.7113446902264939
95.33999999999995 , 0.7107290745390799
96.92899999999995 , 0.7101304560615391
98.51799999999994 , 0.709548114923956
100.10699999999994 , 0.7089813715165276
101.69599999999994 , 0.7084295837044676
103.28499999999994 , 0.7078921442714221
104.87399999999994 , 0.7073684785697892
106.46299999999994 , 0.7068580423586431
108.05199999999994 , 0.7063603198119915
109.64099999999993 , 0.7058748216818937
111.22999999999993 , 0.705401083602551
112.81899999999993 , 0.7049386645228902
114.40799999999993 , 0.7044871452564078
115.99699999999993 , 0.7040461271381505
117.58599999999993 , 0.703615230779699
119.17499999999993 , 0.7031940949138972
120.76399999999992 , 0.7027823753218604
122.35299999999992 , 0.7023797438354944
123.94199999999992 , 0.7019858874093889
125.53099999999992 , 0.7016005072565127
127.11999999999992 , 0.7012233180426427
128.70899999999992 , 0.7008540471349175
130.29799999999992 , 0.700492433900311
131.88699999999992 , 0.7001382290501948
133.4759999999999 , 0.6997911940274902
135.0649999999999 , 0.6994511004332089
136.6539999999999 , 0.6991177294894575
138.2429999999999 , 0.6987908715362241
139.8319999999999 , 0.698470325559489
141.4209999999999 , 0.6981558987484046
143.0099999999999 , 0.697847406079475
144.5989999999999 , 0.6975446699258279
146.1879999999999 , 0.697247519689829
147.7769999999999 , 0.6969557914574261
149.3659999999999 , 0.6966693276727344
150.9549999999999 , 0.6963879768314893
152.5439999999999 , 0.6961115931921068
154.1329999999999 , 0.6958400365031737
155.7219999999999 , 0.6955731717462914
157.3109999999999 , 0.695310868893268
158.8999999999999 , 0.6950530026767356
160.4889999999999 , 0.6947994523733303
162.0779999999999 , 0.6945501015986385
163.6669999999999 , 0.6943048381131721
165.2559999999999 , 0.694063553638683
166.84499999999989 , 0.6938261436841806
168.43399999999988 , 0.693592507381057
170.02299999999988 , 0.6933625473267695
171.61199999999988 , 0.6931361694365634
173.20099999999988 , 0.6929132828027584
174.78999999999988 , 0.6926937995611495
176.37899999999988 , 0.6924776347641068
177.96799999999988 , 0.6922647062599849
179.55699999999987 , 0.6920549345784768
181.14599999999987 , 0.6918482428215752
182.73499999999987 , 0.6916445565598208
184.32399999999987 , 0.6914438037335422
185.91299999999987 , 0.6912459145588072
187.50199999999987 , 0.6910508214378279
189.09099999999987 , 0.6908584588735708
190.67999999999986 , 0.6906687633883474
192.26899999999986 , 0.690481673446167
193.85799999999986 , 0.6902971293786514
195.44699999999986 , 0.690115073314322
197.03599999999986 , 0.689935449111081
198.62499999999986 , 0.6897582022917189
200.21399999999986 , 0.6895832799822925
201.80299999999986 , 0.689410630853223
203.39199999999985 , 0.6892402050629761
204.98099999999985 , 0.6890719542041945
206.56999999999985 , 0.6889058312521542
208.15899999999985 , 0.6887417905154337
209.74799999999985 , 0.6885797875886821
211.33699999999985 , 0.6884197793073841
212.92599999999985 , 0.6882617237045232
214.51499999999984 , 0.6881055799690518
216.10399999999984 , 0.6879513084060789
217.69299999999984 , 0.6877988703986949
219.28199999999984 , 0.687648228371354
220.87099999999984 , 0.6874993457547406
222.45999999999984 , 0.6873521869520512
224.04899999999984 , 0.6872067173066236
225.63799999999983 , 0.6870629030708522
227.22699999999983 , 0.686920711376329
228.81599999999983 , 0.6867801102051572
230.40499999999983 , 0.6866410683623785
231.99399999999983 , 0.6865035554494693
233.58299999999983 , 0.6863675418388544
235.17199999999983 , 0.6862329986493941
236.76099999999983 , 0.6860998977228012
238.34999999999982 , 0.6859682116009473
239.93899999999982 , 0.6858379135040186
241.52799999999982 , 0.6857089773094845
243.11699999999982 , 0.6855813775318454
244.70599999999982 , 0.6854550893031239
246.29499999999982 , 0.6853300883540687
247.88399999999982 , 0.6852063509960413
249.47299999999981 , 0.6850838541035562
251.0619999999998 , 0.6849625750974474
252.6509999999998 , 0.6848424919286348
254.2399999999998 , 0.684723583062466
255.8289999999998 , 0.6846058274636093
257.41799999999984 , 0.6844892045814773
259.00699999999983 , 0.6843736943361549
260.59599999999983 , 0.6842592771048172
262.18499999999983 , 0.684145933708613
263.77399999999983 , 0.6840336453999974
265.36299999999983 , 0.6839223938504956
266.9519999999998 , 0.6838121611388795
268.5409999999998 , 0.6837029297397429
270.1299999999998 , 0.6835946825124575
271.7189999999998 , 0.6834874026904969
273.3079999999998 , 0.6833810738711132
274.8969999999998 , 0.6832756800053525
276.4859999999998 , 0.6831712053883975
278.0749999999998 , 0.6830676346502234
279.6639999999998 , 0.6829649527465562
281.2529999999998 , 0.6828631449501217
282.8419999999998 , 0.682762196842174
284.4309999999998 , 0.6826620943042939
286.0199999999998 , 0.6825628235104465
287.6089999999998 , 0.6824643709192881
289.1979999999998 , 0.6823667232667154
290.7869999999998 , 0.6822698675586446
292.3759999999998 , 0.6821737910640154
293.9649999999998 , 0.682078481308011
295.5539999999998 , 0.6819839260654836
297.1429999999998 , 0.6818901133545829
298.7319999999998 , 0.6817970314305761
300.3209999999998 , 0.6817046687798547
301.9099999999998 , 0.6816130141141215
303.4989999999998 , 0.6815220563647506
305.0879999999998 , 0.6814317846773158
306.6769999999998 , 0.6813421884062796
308.2659999999998 , 0.681253257109839
309.8549999999998 , 0.6811649805449224
311.4439999999998 , 0.6810773486623312
313.0329999999998 , 0.6809903516020227
314.6219999999998 , 0.6809039796885293
316.2109999999998 , 0.6808182234265084
317.7999999999998 , 0.6807330734964193
319.3889999999998 , 0.6806485207503236
320.9779999999998 , 0.680564556207803
322.5669999999998 , 0.6804811710519933
324.1559999999998 , 0.6803983566257288
325.7449999999998 , 0.6803161044277929
327.3339999999998 , 0.6802344061092751
328.9229999999998 , 0.680153253470026
330.5119999999998 , 0.6800726384552109
332.1009999999998 , 0.6799925531519576
333.68999999999977 , 0.6799129897860945
335.27899999999977 , 0.6798339407189775
336.86799999999977 , 0.6797553984444029
338.45699999999977 , 0.6796773555856016
340.04599999999976 , 0.6795998048923146
341.63499999999976 , 0.6795227392379461
343.22399999999976 , 0.6794461516167913
344.81299999999976 , 0.6793700351413373
346.40199999999976 , 0.6792943830396349
347.99099999999976 , 0.6792191886527383
349.57999999999976 , 0.6791444454322128
351.16899999999976 , 0.679070146937704
352.75799999999975 , 0.6789962868345721
354.34699999999975 , 0.6789228588915862
355.93599999999975 , 0.6788498569786753
357.52499999999975 , 0.6787772750647392
359.11399999999975 , 0.6787051072155126
360.70299999999975 , 0.6786333475914839
362.29199999999975 , 0.6785619904458652
363.88099999999974 , 0.6784910301226134
365.46999999999974 , 0.6784204610545003
367.05899999999974 , 0.6783502777612298
368.64799999999974 , 0.6782804748476018
370.23699999999974 , 0.6782110470017212
371.82599999999974 , 0.6781419889932492
373.41499999999974 , 0.6780732956716988
375.00399999999973 , 0.6780049619647698
376.59299999999973 , 0.6779369828767242
378.18199999999973 , 0.6778693534868011
379.77099999999973 , 0.6778020689476681
381.35999999999973 , 0.6777351244839106
382.9489999999997 , 0.6776685153905557
384.5379999999997 , 0.6776022370316312
386.1269999999997 , 0.6775362848387579
387.7159999999997 , 0.6774706543097755
389.3049999999997 , 0.6774053410073987
390.8939999999997 , 0.6773403405579063
392.4829999999997 , 0.677275648649858
394.0719999999997 , 0.6772112610328431
395.6609999999997 , 0.6771471735162553
397.2499999999997 , 0.6770833819680961
398.8389999999997 , 0.677019882313806
400.4279999999997 , 0.6769566705351207
402.0169999999997 , 0.6768937426689524
403.6059999999997 , 0.6768310948062982
405.1949999999997 , 0.67676872309117
406.7839999999997 , 0.6767066237195496
408.3729999999997 , 0.6766447929383659
409.9619999999997 , 0.6765832270444948
411.5509999999997 , 0.6765219223837806
413.1399999999997 , 0.6764608753500787
414.7289999999997 , 0.676400082384318
416.3179999999997 , 0.6763395399735851
417.9069999999997 , 0.6762792446502258
419.4959999999997 , 0.6762191929909681
421.0849999999997 , 0.6761593816160612
422.6739999999997 , 0.6760998071884339
424.2629999999997 , 0.6760404664128711
425.8519999999997 , 0.6759813560352054
427.4409999999997 , 0.6759224728415277
429.0299999999997 , 0.6758638136574127
430.6189999999997 , 0.6758053753471599
432.2079999999997 , 0.6757471548130518
433.7969999999997 , 0.6756891489946252
435.3859999999997 , 0.6756313548679577
436.9749999999997 , 0.6755737694449696
438.5639999999997 , 0.6755163897727385
440.1529999999997 , 0.6754592129328274
441.7419999999997 , 0.6754022360406274
443.3309999999997 , 0.6753454562447117
444.9199999999997 , 0.675288870726203
446.5089999999997 , 0.6752324766981536
448.0979999999997 , 0.6751762714049363
449.68699999999967 , 0.6751202521216484
451.27599999999967 , 0.6750644161535252
452.86499999999967 , 0.675008760835367
454.45399999999967 , 0.6749532835309748
456.04299999999967 , 0.6748979816325981
457.63199999999966 , 0.6748428525603912
459.22099999999966 , 0.6747878937618822
460.80999999999966 , 0.6747331027114493
462.39899999999966 , 0.6746784769098079
463.98799999999966 , 0.6746240138835069
465.57699999999966 , 0.6745697111844339
467.16599999999966 , 0.6745155663893299
468.75499999999965 , 0.6744615770993112
470.34399999999965 , 0.6744077409394019
471.93299999999965 , 0.6743540555580724
473.52199999999965 , 0.674300518626788
475.11099999999965 , 0.6742471278395636
476.69999999999965 , 0.6741938809125277
478.28899999999965 , 0.6741407755834923
479.87799999999964 , 0.6740878096115313
481.46699999999964 , 0.6740349807765655
483.05599999999964 , 0.6739822868789547
484.64499999999964 , 0.6739297257390964
486.23399999999964 , 0.6738772951970313
487.82299999999964 , 0.6738249931120551
489.41199999999964 , 0.6737728173623371
491.00099999999964 , 0.6737207658445441
492.58999999999963 , 0.673668836473471
494.17899999999963 , 0.673617027181677
495.76799999999963 , 0.6735653359191277
497.35699999999963 , 0.6735137606528421
498.94599999999963 , 0.6734622993665458
500.5349999999996 , 0.6734109500603297
502.1239999999996 , 0.6733597107503128
503.7129999999996 , 0.6733085794683107
505.3019999999996 , 0.6732575542615095
506.8909999999996 , 0.6732066331921435
508.4799999999996 , 0.673155814337178
510.0689999999996 , 0.6731050957879975
511.6579999999996 , 0.6730544756500967
513.2469999999996 , 0.6730039520427771
514.8359999999997 , 0.6729535230988475
516.4249999999997 , 0.6729031869643285
518.0139999999998 , 0.6728529417981614
519.6029999999998 , 0.6728027857719202
521.1919999999999 , 0.6727527170695283
522.781 , 0.6727027338869785
524.37 , 0.6726528344320567
525.9590000000001 , 0.6726030169240691
527.5480000000001 , 0.6725532795935729
529.1370000000002 , 0.6725036206821099
530.7260000000002 , 0.6724540384419445
532.3150000000003 , 0.6724045311358035
533.9040000000003 , 0.6723550970366197
535.4930000000004 , 0.672305734427279
537.0820000000004 , 0.6722564416003691
538.6710000000005 , 0.6722072168579317
540.2600000000006 , 0.6721580585112182
541.8490000000006 , 0.6721089648804471
543.4380000000007 , 0.6720599342945638
545.0270000000007 , 0.6720109650910042
546.6160000000008 , 0.6719620556154596
548.2050000000008 , 0.6719132042216444
549.7940000000009 , 0.6718644092710656
551.383000000001 , 0.671815669132796
552.972000000001 , 0.6717669821832476
554.5610000000011 , 0.6717183468059488
556.1500000000011 , 0.6716697613913221
557.7390000000012 , 0.6716212243364653
559.3280000000012 , 0.6715727340449337
560.9170000000013 , 0.6715242889265236
562.5060000000013 , 0.6714758873970593
564.0950000000014 , 0.67142752787818
565.6840000000014 , 0.6713792087971295
567.2730000000015 , 0.6713309285865467
568.8620000000016 , 0.6712826856842588
570.4510000000016 , 0.671234478533074
572.0400000000017 , 0.671186305580578
573.6290000000017 , 0.6711381652789299
575.2180000000018 , 0.6710900560846602
576.8070000000018 , 0.6710419764584703
578.3960000000019 , 0.6709939248650325
579.985000000002 , 0.6709458997727914
581.574000000002 , 0.6708978996537669
583.1630000000021 , 0.6708499229833572
584.7520000000021 , 0.6708019682401437
586.3410000000022 , 0.6707540339056959
587.9300000000022 , 0.6707061184643781
589.5190000000023 , 0.6706582204031561
591.1080000000023 , 0.6706103382114054
592.6970000000024 , 0.6705624703807193
594.2860000000024 , 0.6705146154047178
595.8750000000025 , 0.670466771778858
597.4640000000026 , 0.6704189380002437
599.0530000000026 , 0.6703711125674364
600.6420000000027 , 0.6703232939802665
602.2310000000027 , 0.6702754807396444
603.8200000000028 , 0.6702276713473728
605.4090000000028 , 0.670179864305959
606.9980000000029 , 0.6701320581184265
608.587000000003 , 0.6700842512881285
610.176000000003 , 0.67003644231856
611.765000000003 , 0.6699886297131704
613.3540000000031 , 0.6699408119751772
614.9430000000032 , 0.6698929876073779
616.5320000000032 , 0.6698451551119632
618.1210000000033 , 0.6697973129903293
619.7100000000033 , 0.6697494597428906
621.2990000000034 , 0.6697015938688919
622.8880000000034 , 0.6696537138662205
624.4770000000035 , 0.6696058182312173
626.0660000000036 , 0.6695579054584887
627.6550000000036 , 0.6695099740407172
629.2440000000037 , 0.6694620224684719
630.8330000000037 , 0.669414049230018
632.4220000000038 , 0.6693660528111267
634.0110000000038 , 0.6693180316948838
635.6000000000039 , 0.6692699843614973
637.189000000004 , 0.6692219092881049
638.778000000004 , 0.6691738049485808
640.367000000004 , 0.6691256698133414
641.9560000000041 , 0.6690775023491495
643.5450000000042 , 0.669029301018919
645.1340000000042 , 0.6689810642815175
646.7230000000043 , 0.668932790591568
648.3120000000043 , 0.6688844783992497
649.9010000000044 , 0.6688361261500979
651.4900000000044 , 0.6687877322848026
653.0790000000045 , 0.6687392952390048
654.6680000000046 , 0.6686908134430932
656.2570000000046 , 0.6686422853219984
657.8460000000047 , 0.6685937092949861
659.4350000000047 , 0.6685450837754482
661.0240000000048 , 0.668496407170693
662.6130000000048 , 0.6684476778817343
664.2020000000049 , 0.668398894303077
665.7910000000049 , 0.6683500548225028
667.380000000005 , 0.6683011578208532
668.969000000005 , 0.6682522016718115
670.5580000000051 , 0.668203184741681
672.1470000000052 , 0.6681541053891634
673.7360000000052 , 0.6681049619651341
675.3250000000053 , 0.6680557528124149
676.9140000000053 , 0.6680064762655461
678.5030000000054 , 0.6679571306505544
680.0920000000054 , 0.66790771428472
681.6810000000055 , 0.6678582254763407
683.2700000000056 , 0.6678086625244934
684.8590000000056 , 0.6677590237187935
686.4480000000057 , 0.667709307339151
688.0370000000057 , 0.667659511655525
689.6260000000058 , 0.6676096349276741
691.2150000000058 , 0.6675596754049054
692.8040000000059 , 0.6675096313258192
694.3930000000059 , 0.6674595009180516
695.982000000006 , 0.6674092823980138
697.571000000006 , 0.6673589739706279
699.1600000000061 , 0.6673085738290604
700.7490000000062 , 0.6672580801544508
702.3380000000062 , 0.6672074911156382
703.9270000000063 , 0.667156804868884
705.5160000000063 , 0.6671060195575902
707.1050000000064 , 0.6670551333120155
708.6940000000064 , 0.6670041442489859
710.2830000000065 , 0.6669530504716027
711.8720000000066 , 0.6669018500689458
713.4610000000066 , 0.6668505411157735
715.0500000000067 , 0.6667991216722174
716.6390000000067 , 0.6667475897834735
718.2280000000068 , 0.6666959434794885
719.8170000000068 , 0.666644180774642
721.4060000000069 , 0.6665922996674237
722.9950000000069 , 0.6665402981401063
724.584000000007 , 0.6664881741584125
726.173000000007 , 0.6664359256711784
727.7620000000071 , 0.6663835506100109
729.3510000000072 , 0.6663310468889397
730.9400000000072 , 0.666278412404065
732.5290000000073 , 0.6662256450331984
734.1180000000073 , 0.6661727426354984
735.7070000000074 , 0.6661197030511016
737.2960000000074 , 0.6660665241007457
738.8850000000075 , 0.6660132035853886
740.4740000000075 , 0.6659597392858189
742.0630000000076 , 0.6659061289622628
743.6520000000077 , 0.6658523703539826
745.2410000000077 , 0.6657984611788684
746.8300000000078 , 0.6657443991330245
748.4190000000078 , 0.6656901818903475
750.0080000000079 , 0.6656358071020974
751.5970000000079 , 0.6655812723964618
753.186000000008 , 0.6655265753781128
754.775000000008 , 0.6654717136277547
756.3640000000081 , 0.6654166847016658
757.9530000000082 , 0.6653614861312306
759.5420000000082 , 0.6653061154224643
761.1310000000083 , 0.6652505700555296
762.7200000000083 , 0.6651948474842428
764.3090000000084 , 0.6651389451355733
765.8980000000084 , 0.665082860409132
767.4870000000085 , 0.665026590676652
769.0760000000085 , 0.6649701332814588
770.6650000000086 , 0.6649134855379304
772.2540000000087 , 0.6648566447309485
773.8430000000087 , 0.6647996081153387
775.4320000000088 , 0.6647423729152995
777.0210000000088 , 0.6646849363238224
778.6100000000089 , 0.6646272955020986
780.1990000000089 , 0.6645694475789167
781.788000000009 , 0.6645113896500462
783.377000000009 , 0.6644531187776117
784.9660000000091 , 0.6643946319894531
786.5550000000092 , 0.6643359262784742
788.1440000000092 , 0.6642769986019774
789.7330000000093 , 0.6642178458809873
791.3220000000093 , 0.6641584649995583
792.9110000000094 , 0.6640988528040704
794.5000000000094 , 0.6640390061025097
796.0890000000095 , 0.6639789216637347
797.6780000000095 , 0.6639185962167288
799.2670000000096 , 0.6638580264498345
800.8560000000097 , 0.6637972090099762
802.4450000000097 , 0.6637361405018632
804.0340000000098 , 0.6636748174871784
805.6230000000098 , 0.6636132364837493
807.2120000000099 , 0.6635513939647023
808.8010000000099 , 0.6634892863575983
810.39000000001 , 0.663426910043551
811.97900000001 , 0.6633642613563261
813.5680000000101 , 0.6633013365814207
815.1570000000102 , 0.6632381319551246
816.7460000000102 , 0.6631746436635602
818.3350000000103 , 0.6631108678417019
819.9240000000103 , 0.6630468005723745
821.5130000000104 , 0.6629824378852293
823.1020000000104 , 0.6629177757556982
824.6910000000105 , 0.662852810103925
826.2800000000105 , 0.6627875367936725
827.8690000000106 , 0.662721951631206
829.4580000000107 , 0.662656050364151
831.0470000000107 , 0.6625898286803268
832.6360000000108 , 0.6625232822065519
834.2250000000108 , 0.6624564065074245
835.8140000000109 , 0.6623891970840744
837.4030000000109 , 0.6623216493728851
838.992000000011 , 0.6622537587441897
840.581000000011 , 0.6621855205009339
842.1700000000111 , 0.6621169298773097
843.7590000000112 , 0.6620479820373574
845.3480000000112 , 0.6619786720735338
846.9370000000113 , 0.6619089950052484
848.5260000000113 , 0.6618389457773644
850.1150000000114 , 0.6617685192586646
851.7040000000114 , 0.6616977102402806
853.2930000000115 , 0.6616265134340843
854.8820000000115 , 0.6615549234710425
856.4710000000116 , 0.6614829348995303
858.0600000000117 , 0.6614105421836038
859.6490000000117 , 0.6613377397012326
861.2380000000118 , 0.6612645217424867
862.8270000000118 , 0.6611908825076824
864.4160000000119 , 0.6611168161054792
866.0050000000119 , 0.6610423165509318
867.594000000012 , 0.6609673777634932
869.183000000012 , 0.6608919935649691
870.7720000000121 , 0.6608161576774187
872.3610000000122 , 0.6607398637210062
873.9500000000122 , 0.6606631052117947
875.5390000000123 , 0.6605858755594866
877.1280000000123 , 0.6605081680651056
878.7170000000124 , 0.6604299759186193
880.3060000000124 , 0.6603512921965012
881.8950000000125 , 0.6602721098592294
883.4840000000125 , 0.6601924217487203
885.0730000000126 , 0.6601122205856969
886.6620000000127 , 0.6600314989669861
888.2510000000127 , 0.6599502493627472
889.8400000000128 , 0.6598684641136254
891.4290000000128 , 0.6597861354278312
893.0180000000129 , 0.6597032553781415
894.6070000000129 , 0.6596198158988202
896.196000000013 , 0.6595358087824574
897.785000000013 , 0.6594512256767209
899.3740000000131 , 0.6593660580810223
900.9630000000132 , 0.6592802973430902
902.5520000000132 , 0.6591939346554506
904.1410000000133 , 0.6591069610518108
905.7300000000133 , 0.659019367403342
907.3190000000134 , 0.6589311444148609
908.9080000000134 , 0.6588422826209028
910.4970000000135 , 0.6587527723816857
912.0860000000135 , 0.6586626038789608
913.6750000000136 , 0.6585717671117453
915.2640000000137 , 0.6584802518919344
916.8530000000137 , 0.6583880478397872
918.4420000000138 , 0.6582951443792847
920.0310000000138 , 0.658201530733352
921.6200000000139 , 0.6581071959189433
923.2090000000139 , 0.6580121287419842
924.798000000014 , 0.657916317792165
926.387000000014 , 0.6578197514375816
927.9760000000141 , 0.6577224178192185
929.5650000000142 , 0.6576243048452671
931.1540000000142 , 0.6575254001852756
932.7430000000143 , 0.6574256912641224
934.3320000000143 , 0.6573251652558098
935.9210000000144 , 0.6572238090770676
937.5100000000144 , 0.6571216093807636
939.0990000000145 , 0.6570185525491126
940.6880000000145 , 0.6569146246866754
942.2770000000146 , 0.6568098116131437
943.8660000000147 , 0.656704098855899
945.4550000000147 , 0.6565974716423405
947.0440000000148 , 0.656489914891972
948.6330000000148 , 0.6563814132082391
950.2220000000149 , 0.6562719508701085
951.8110000000149 , 0.656161511823378
953.400000000015 , 0.6560500796717093
954.989000000015 , 0.6559376376673711
956.5780000000151 , 0.6558241687016837
958.1670000000152 , 0.6557096552951519
959.7560000000152 , 0.6555940795872761
961.3450000000153 , 0.6554774233260268
962.9340000000153 , 0.6553596678569729
964.5230000000154 , 0.6552407941120479
966.1120000000154 , 0.65512078259794
967.7010000000155 , 0.6549996133840938
969.2900000000155 , 0.6548772660903048
970.8790000000156 , 0.6547537198738936
972.4680000000156 , 0.6546289534164415
974.0570000000157 , 0.6545029449100709
975.6460000000158 , 0.6543756720432512
977.2350000000158 , 0.6542471119861117
978.8240000000159 , 0.6541172413752421
980.4130000000159 , 0.6539860362979579
982.002000000016 , 0.653853472276011
983.591000000016 , 0.6537195242487202
985.1800000000161 , 0.6535841665554996
986.7690000000161 , 0.6534473729177586
988.3580000000162 , 0.6533091164201473
989.9470000000163 , 0.6531693694911197
991.5360000000163 , 0.6530281038827856
993.1250000000164 , 0.652885290650022
994.7140000000164 , 0.6527409001288088
996.3030000000165 , 0.6525949019137599
997.8920000000165 , 0.6524472648348113
999.4810000000166 , 0.6522979569330299
1001.0700000000166 , 0.6521469454355054
1002.6590000000167 , 0.6519941967292839
1004.2480000000168 , 0.6518396763343001
1005.8370000000168 , 0.6516833488752641
1007.4260000000169 , 0.6515251780524549
1009.0150000000169 , 0.6513651266113718
1010.604000000017 , 0.6512031563111897
1012.193000000017 , 0.6510392278919661
1013.7820000000171 , 0.6508733010405394
1015.3710000000171 , 0.6507053343550593
1016.9600000000172 , 0.6505352853080838
1018.5490000000173 , 0.6503631102081776
1020.1380000000173 , 0.6501887641599371
1021.7270000000174 , 0.6500122010223702
1023.3160000000174 , 0.6498333733655501
1024.9050000000175 , 0.6496522324254603
1026.4940000000174 , 0.6494687280569417
1028.0830000000174 , 0.6492828086846495
1029.6720000000173 , 0.649094421251922
1031.2610000000172 , 0.6489035111674564
1032.8500000000172 , 0.6487100222496827
1034.4390000000171 , 0.6485138966687191
1036.028000000017 , 0.6483150748857867
1037.617000000017 , 0.6481134955899535
1039.206000000017 , 0.647909095632071
1040.795000000017 , 0.6477018099557567
1042.3840000000168 , 0.6474915715252679
1043.9730000000168 , 0.6472783112501077
1045.5620000000167 , 0.6470619579061839
1047.1510000000167 , 0.646842438053343
1048.7400000000166 , 0.6466196759490805
1050.3290000000165 , 0.6463935934582234
1051.9180000000165 , 0.6461641099583643
1053.5070000000164 , 0.6459311422408144
1055.0960000000164 , 0.6456946044068279
1056.6850000000163 , 0.6454544077588344
1058.2740000000163 , 0.645210460686399
1059.8630000000162 , 0.6449626685466118
1061.4520000000161 , 0.644710933538592
1063.041000000016 , 0.6444551545717652
1064.630000000016 , 0.644195227127556
1066.219000000016 , 0.6439310431141128
1067.808000000016 , 0.6436624907136539
1069.3970000000159 , 0.6433894542219988
1070.9860000000158 , 0.6431118138798196
1072.5750000000157 , 0.6428294456951125
1074.1640000000157 , 0.6425422212563595
1075.7530000000156 , 0.6422500075358101
1077.3420000000156 , 0.6419526666822741
1078.9310000000155 , 0.6416500558027768
1080.5200000000154 , 0.641342026732375
1082.1090000000154 , 0.641028425791391
1083.6980000000153 , 0.6407090935292603
1085.2870000000153 , 0.6403838644541365
1086.8760000000152 , 0.6400525667473286
1088.4650000000152 , 0.6397150219615839
1090.054000000015 , 0.6393710447021513
1091.643000000015 , 0.6390204422894816
1093.232000000015 , 0.6386630144023355
1094.821000000015 , 0.6382985526999763
1096.4100000000149 , 0.6379268404220211
1097.9990000000148 , 0.6375476519644164
1099.5880000000147 , 0.6371607524298788
1101.1770000000147 , 0.6367658971510192
1102.7660000000146 , 0.6363628311842177
1104.3550000000146 , 0.6359512887721678
1105.9440000000145 , 0.6355309927728374
1107.5330000000145 , 0.6351016540524106
1109.1220000000144 , 0.6346629708395739
1110.7110000000143 , 0.6342146280382904
1112.3000000000143 , 0.633756296495968
1113.8890000000142 , 0.6332876322236637
1115.4780000000142 , 0.6328082755646808
1117.067000000014 , 0.6323178503076029
1118.656000000014 , 0.631815962739463
1120.245000000014 , 0.6313022006343706
1121.834000000014 , 0.6307761321725065
1123.4230000000139 , 0.630237304783939
1125.0120000000138 , 0.6296852439112194
1126.6010000000138 , 0.6291194516841615
1128.1900000000137 , 0.6285394054996108
1129.7790000000136 , 0.6279445564983415
1131.3680000000136 , 0.6273343279304843
1132.9570000000135 , 0.6267081134000877
1134.5460000000135 , 0.6260652749785125
1136.1350000000134 , 0.6254051411753849
1137.7240000000133 , 0.6247270047547384
1139.3130000000133 , 0.6240301203827741
1140.9020000000132 , 0.6233137020923383
1142.4910000000132 , 0.6225769205477407
1144.0800000000131 , 0.6218189000919053
1145.669000000013 , 0.6210387155560363
1147.258000000013 , 0.6202353888099756
1148.847000000013 , 0.6194078850292046
1150.4360000000129 , 0.618555108651972
1152.0250000000128 , 0.6176758989972909
1153.6140000000128 , 0.6167690255115063
1155.2030000000127 , 0.6158331826077569
1156.7920000000126 , 0.6148669840589042
1158.3810000000126 , 0.6138689569003425
1159.9700000000125 , 0.6128375347944844
1161.5590000000125 , 0.6117710508035921
1163.1480000000124 , 0.610667729511953
1164.7370000000124 , 0.6095256784321134
1166.3260000000123 , 0.6083428786229343
1167.9150000000122 , 0.6071171744395775
1169.5040000000122 , 0.6058462623270822
1171.0930000000121 , 0.6045276785599412
1172.682000000012 , 0.6031587858199532
1174.271000000012 , 0.6017367584936107
1175.860000000012 , 0.6002585665583678
1177.449000000012 , 0.5987209579143445
1179.0380000000118 , 0.5971204390044469
1180.6270000000118 , 0.5954532535516679
1182.2160000000117 , 0.593715359227717
1183.8050000000117 , 0.5919024020525152
1185.3940000000116 , 0.5900096883100433
1186.9830000000115 , 0.5880321537534019
1188.5720000000115 , 0.5859643298619144
1190.1610000000114 , 0.5838003069073645
1191.7500000000114 , 0.581533693587319
1193.3390000000113 , 0.5791575729941515
1194.9280000000113 , 0.5766644547131775
1196.5170000000112 , 0.574046222888136
1198.1060000000111 , 0.5712940801650025
1199.695000000011 , 0.5683984875363554
1201.284000000011 , 0.5653491002722723
1202.873000000011 , 0.5621347003584835
1204.462000000011 , 0.5587431261924413
1206.0510000000108 , 0.5551612007443828
1207.6400000000108 , 0.5513746600134776
1209.2290000000107 , 0.5473680844493137
1210.8180000000107 , 0.5431248371287815
1212.4070000000106 , 0.5386270139530271
1213.9960000000106 , 0.5338554130454018
1215.5850000000105 , 0.528789532983483
1217.1740000000104 , 0.5234076125778823
1218.7630000000104 , 0.5176867286867403
1220.3520000000103 , 0.5116029730388963
1221.9410000000103 , 0.5051317341263741
1223.5300000000102 , 0.4982481156083799
1225.1190000000101 , 0.4909275277005878
1226.70800000001 , 0.483146491557141
1228.29700000001 , 0.4748836968415988
1229.88600000001 , 0.46612134681202977
1231.47500000001 , 0.4568468097004236
1233.0640000000099 , 0.4470545657391483
1234.6530000000098 , 0.43674839200128873
1236.2420000000097 , 0.4259436605839421
1237.8310000000097 , 0.4146695429434659
1239.4200000000096 , 0.40297082624920716
1241.0090000000096 , 0.3909089792364871
1242.5980000000095 , 0.37856208758940163
1244.1870000000094 , 0.3660233462475903
1245.7760000000094 , 0.35339796791093586
1247.3650000000093 , 0.3407986304122921
1248.9540000000093 , 0.32833988461395275
1250.5430000000092 , 0.3161321906093826
1252.1320000000092 , 0.30427635600076924
1253.721000000009 , 0.2928590719717842
1255.310000000009 , 0.28195000493424655
1256.899000000009 , 0.2716005852631575
1258.488000000009 , 0.26184433926658135
1260.0770000000089 , 0.252698409724655
1261.6660000000088 , 0.24416582980630772
1263.2550000000087 , 0.23623813744431066
1264.8440000000087 , 0.22889800241329428
1266.4330000000086 , 0.2221216454588903
1268.0220000000086 , 0.215880928496032
1269.6110000000085 , 0.21014507227484922
1271.2000000000085 , 0.2048820096361343
1272.7890000000084 , 0.20005941182948064
1274.3780000000083 , 0.19564543817651775
1275.9670000000083 , 0.19160926146076415
1277.5560000000082 , 0.18792141749287872
1279.1450000000082 , 0.1845540206009305
1280.734000000008 , 0.1814808793617103
1282.323000000008 , 0.17867753984062007
1283.912000000008 , 0.17612127746149794
1285.501000000008 , 0.17379105354075558
1287.0900000000079 , 0.1716674484559661
1288.6790000000078 , 0.16973258025265991
1290.2680000000078 , 0.16797001507177647
1291.8570000000077 , 0.16636467395492063
1293.4460000000076 , 0.1649027392241343
1295.0350000000076 , 0.163571562628544
1296.6240000000075 , 0.16235957671509185
1298.2130000000075 , 0.1612562103469195
1299.8020000000074 , 0.16025180890906937
1301.3910000000074 , 0.159337559467854
1302.9800000000073 , 0.15850542095822187
1304.5690000000072 , 0.15774805934090808
1306.1580000000072 , 0.15705878758195366
1307.7470000000071 , 0.15643151024939125
1309.336000000007 , 0.15586067248674876
1310.925000000007 , 0.15534121310407467
1312.514000000007 , 0.15486852151970662
1314.103000000007 , 0.15443839828652775
1315.6920000000068 , 0.1540470189424568
1317.2810000000068 , 0.15369090093455323
1318.8700000000067 , 0.1533668733780554
1320.4590000000067 , 0.15307204942494163
1322.0480000000066 , 0.15280380103052413
1323.6370000000065 , 0.15255973592066321
1325.2260000000065 , 0.15233767657608774
1326.8150000000064 , 0.15213564106379202
1328.4040000000064 , 0.1519518255584021
1329.9930000000063 , 0.15178458840866688
1331.5820000000062 , 0.15163243561578532
1333.1710000000062 , 0.15149400760110188
1334.7600000000061 , 0.15136806715079482
1336.349000000006 , 0.1512534884345543
1337.938000000006 , 0.15114924700392762
1339.527000000006 , 0.15105441068402725
1341.116000000006 , 0.15096813127968778
1342.7050000000058 , 0.15088963702395938
1344.2940000000058 , 0.15081822570307424
1345.8830000000057 , 0.150753258397756
1347.4720000000057 , 0.15069415378599976
1349.0610000000056 , 0.15064038295726348
1350.6500000000055 , 0.15059146469241752
1352.2390000000055 , 0.15054696116782784
1353.8280000000054 , 0.15050647404562978
1355.4170000000054 , 0.15046964091561382
1357.0060000000053 , 0.15043613205721496
1358.5950000000053 , 0.15040564749290075
1360.1840000000052 , 0.1503779143068103
1361.7730000000051 , 0.15035268420482908
1363.362000000005 , 0.15032973129441166
1364.951000000005 , 0.15030885006440306
1366.540000000005 , 0.1502898535468776
1368.129000000005 , 0.1502725716446236
1369.7180000000048 , 0.15025684960937055
1371.3070000000048 , 0.15024254665719203
1372.8960000000047 , 0.1502295347087346
1374.4850000000047 , 0.1502176972430328
1376.0740000000046 , 0.15020692825467932
1377.6630000000046 , 0.15019713130504003
1379.2520000000045 , 0.1501882186590393
1380.8410000000044 , 0.15018011049980498
1382.4300000000044 , 0.1501727342141545
1384.0190000000043 , 0.15016602374253724
1385.6080000000043 , 0.15015991898762088
1387.1970000000042 , 0.150154365276235
1388.7860000000042 , 0.15014931286985983
1390.375000000004 , 0.15014471651928252
1391.964000000004 , 0.15014053505943714
1393.553000000004 , 0.15013673104080413
1395.142000000004 , 0.15013327039407132
1396.7310000000039 , 0.15013012212505578
1398.3200000000038 , 0.15012725803715693
1399.9090000000037 , 0.15012465247885656
1401.4980000000037 , 0.15012228211400638
1403.0870000000036 , 0.1501201257128466
1404.6760000000036 , 0.15011816396188524
1406.2650000000035 , 0.15011637929093608
1407.8540000000035 , 0.15011475571576727
1409.4430000000034 , 0.15011327869495114
1411.0320000000033 , 0.15011193499963454
1412.6210000000033 , 0.15011071259506303
1414.2100000000032 , 0.15010960053279848
1415.7990000000032 , 0.15010858885266493
1417.388000000003 , 0.15010766849354473
1418.977000000003 , 0.1501068312122263
1420.566000000003 , 0.1501060695095765
1422.155000000003 , 0.1501053765633772
1423.7440000000029 , 0.1501047461672236
1425.3330000000028 , 0.1501041726749382
1426.9220000000028 , 0.15010365095000172
1428.5110000000027 , 0.1501031763195488
1430.1000000000026 , 0.1501027445325162
1431.6890000000026 , 0.15010235172156855
1433.2780000000025 , 0.15010199436846086
1434.8670000000025 , 0.15010166927252772
1436.4560000000024 , 0.1501013735220166
1438.0450000000023 , 0.15010110446800892
1439.6340000000023 , 0.15010085970069498
1441.2230000000022 , 0.15010063702779056
1442.8120000000022 , 0.15010043445490173
1444.401000000002 , 0.15010025016766196
1445.990000000002 , 0.15010008251548174
1447.579000000002 , 0.15009992999676494
1449.168000000002 , 0.15009979124545977
1450.7570000000019 , 0.15009966501882366
1452.3460000000018 , 0.15009955018629248
1453.9350000000018 , 0.1500994457193546
1455.5240000000017 , 0.150099350682339
1457.1130000000016 , 0.15009926422403477
1458.7020000000016 , 0.15009918557006718
1460.2910000000015 , 0.15009911401596202
1461.8800000000015 , 0.15009904892083575
1463.4690000000014 , 0.15009898970165553
1465.0580000000014 , 0.15009893582801706
1466.6470000000013 , 0.15009888681739408
1468.2360000000012 , 0.15009884223081654
1469.8250000000012 , 0.15009880166893885
1471.4140000000011 , 0.15009876476846323
1473.003000000001 , 0.1500987311988857
1474.592000000001 , 0.15009870065953582
1476.181000000001 , 0.15009867287688383
1477.770000000001 , 0.15009864760209074
1479.3590000000008 , 0.15009862460877946
1480.9480000000008 , 0.15009860369100733
1482.5370000000007 , 0.15009858466142145
1484.1260000000007 , 0.15009856734958077
1485.7150000000006 , 0.15009855160042948
1487.3040000000005 , 0.1500985372729082
1488.8930000000005 , 0.15009852423869052
1490.4820000000004 , 0.15009851238103367
1492.0710000000004 , 0.15009850159373297
1493.6600000000003 , 0.15009849178017048
1495.2490000000003 , 0.15009848285244973
1496.8380000000002 , 0.1500984747306083
1498.4270000000001 , 0.15009846734190185
1500.016 , 0.15009846062015242
1501.605 , 0.15009845450515572
1503.194 , 0.150098448942142
1504.783 , 0.15009844388128532
1506.3719999999998 , 0.15009843927725747
1507.9609999999998 , 0.15009843508882179
1509.5499999999997 , 0.150098431278464
1511.1389999999997 , 0.15009842781205615
1512.7279999999996 , 0.1500984246585508
1514.3169999999996 , 0.15009842178970323
1515.9059999999995 , 0.15009841917981817
1517.4949999999994 , 0.15009841680551983
1519.0839999999994 , 0.15009841464554252
1520.6729999999993 , 0.15009841268054008
1522.2619999999993 , 0.1500984108929127
1523.8509999999992 , 0.1500984092666492
1525.4399999999991 , 0.1500984077871838
1527.028999999999 , 0.15009840644126546
1528.617999999999 , 0.15009840521683923
1530.206999999999 , 0.1500984041029384
1531.795999999999 , 0.15009840308958616
1533.3849999999989 , 0.15009840216770626
1534.9739999999988 , 0.1500984013290418
1536.5629999999987 , 0.15009840056608112
1538.1519999999987 , 0.1500983998719907
1539.7409999999986 , 0.1500983992405538
1541.3299999999986 , 0.15009839866611485
1542.9189999999985 , 0.15009839814352885
1544.5079999999984 , 0.15009839766811517
1546.0969999999984 , 0.15009839723561572
1547.6859999999983 , 0.1500983968421567
1549.2749999999983 , 0.1500983964842141
1550.8639999999982 , 0.15009839615858192
1552.4529999999982 , 0.15009839586234364
1554.041999999998 , 0.1500983955928459
1555.630999999998 , 0.15009839534767497
1557.219999999998 , 0.1500983951246349
1558.808999999998 , 0.15009839492172802
1560.3979999999979 , 0.15009839473713693
1561.9869999999978 , 0.15009839456920834
1563.5759999999977 , 0.15009839441643819
1565.1649999999977 , 0.15009839427745814
1566.7539999999976 , 0.1500983941510234
1568.3429999999976 , 0.1500983940360016
1569.9319999999975 , 0.15009839393136243
1571.5209999999975 , 0.15009839383616877
1573.1099999999974 , 0.15009839374956796
1574.6989999999973 , 0.15009839367078437
1576.2879999999973 , 0.1500983935991123
1577.8769999999972 , 0.1500983935339099
1579.4659999999972 , 0.1500983934745931
1581.054999999997 , 0.1500983934206307
1582.643999999997 , 0.1500983933715393
1584.232999999997 , 0.15009839332687924
1585.821999999997 , 0.15009839328625052
1587.4109999999969 , 0.15009839324928925
1588.9999999999968 , 0.15009839321566434
1590.5889999999968 , 0.15009839318507467
1592.1779999999967 , 0.1500983931572462
1593.7669999999966 , 0.15009839313192974
1595.3559999999966 , 0.15009839310889855
1596.9449999999965 , 0.1500983930879463
1598.5339999999965 , 0.15009839306888537
1600.1229999999964 , 0.15009839305154501
1601.7119999999964 , 0.15009839303576988
1603.3009999999963 , 0.15009839302141875
1604.8899999999962 , 0.15009839300836308
1606.4789999999962 , 0.1500983929964859
1608.0679999999961 , 0.1500983929856808
1609.656999999996 , 0.15009839297585106
1611.245999999996 , 0.15009839296690863
1612.834999999996 , 0.15009839295877342
1614.4239999999959 , 0.1500983929513725
1616.0129999999958 , 0.1500983929446397
1617.6019999999958 , 0.1500983929385146
1619.1909999999957 , 0.15009839293294241
1620.7799999999957 , 0.15009839292787322
1622.3689999999956 , 0.1500983929232616
1623.9579999999955 , 0.15009839291906626
1625.5469999999955 , 0.15009839291524962
1627.1359999999954 , 0.1500983929117775
1628.7249999999954 , 0.15009839290861882
1630.3139999999953 , 0.15009839290574525
1631.9029999999952 , 0.15009839290313104
1633.4919999999952 , 0.15009839290075283
1635.0809999999951 , 0.1500983928985893
1636.669999999995 , 0.15009839289662108
1638.258999999995 , 0.1500983928948305
1639.847999999995 , 0.15009839289320157
1641.436999999995 , 0.15009839289171967
1643.0259999999948 , 0.15009839289037155
1644.6149999999948 , 0.15009839288914512
1646.2039999999947 , 0.15009839288802937
1647.7929999999947 , 0.15009839288701435
1649.3819999999946 , 0.15009839288609095
1650.9709999999945 , 0.1500983928852509
1652.5599999999945 , 0.1500983928844867
1654.1489999999944 , 0.15009839288379148
1655.7379999999944 , 0.150098392883159
1657.3269999999943 , 0.1500983928825836
1658.9159999999943 , 0.15009839288206014
1660.5049999999942 , 0.15009839288158397
1662.0939999999941 , 0.15009839288115076
1663.682999999994 , 0.15009839288075666
1665.271999999994 , 0.15009839288039808
1666.860999999994 , 0.1500983928800719
1668.449999999994 , 0.15009839287977517
1670.0389999999938 , 0.15009839287950522
1671.6279999999938 , 0.15009839287925963
1673.2169999999937 , 0.1500983928790362
1674.8059999999937 , 0.15009839287883298
1676.3949999999936 , 0.1500983928786481
1677.9839999999936 , 0.15009839287847987
1679.5729999999935 , 0.15009839287832685
1681.1619999999934 , 0.15009839287818766
1682.7509999999934 , 0.150098392878061
1684.3399999999933 , 0.1500983928779458
1685.9289999999933 , 0.150098392877841
1687.5179999999932 , 0.15009839287774565
1689.1069999999931 , 0.15009839287765891
1690.695999999993 , 0.15009839287757998
1692.284999999993 , 0.15009839287750817
1693.873999999993 , 0.15009839287744287
1695.462999999993 , 0.15009839287738344
1697.0519999999929 , 0.15009839287732937
1698.6409999999928 , 0.1500983928772802
1700.2299999999927 , 0.15009839287723548
1701.8189999999927 , 0.1500983928771948
1703.4079999999926 , 0.1500983928771578
1704.9969999999926 , 0.15009839287712412
1706.5859999999925 , 0.15009839287709345
1708.1749999999925 , 0.15009839287706558
1709.7639999999924 , 0.15009839287704022
1711.3529999999923 , 0.15009839287701715
1712.9419999999923 , 0.1500983928769962
1714.5309999999922 , 0.1500983928769771
1716.1199999999922 , 0.15009839287695972
1717.708999999992 , 0.1500983928769439
1719.297999999992 , 0.15009839287692953
1720.886999999992 , 0.15009839287691643
1722.475999999992 , 0.15009839287690455
1724.0649999999919 , 0.15009839287689372
1725.6539999999918 , 0.15009839287688387
1727.2429999999918 , 0.1500983928768749
1728.8319999999917 , 0.15009839287686674
1730.4209999999916 , 0.15009839287685936
1732.0099999999916 , 0.15009839287685262
1733.5989999999915 , 0.15009839287684648
1735.1879999999915 , 0.1500983928768409
1736.7769999999914 , 0.15009839287683585
1738.3659999999913 , 0.15009839287683124
1739.9549999999913 , 0.15009839287682705
1741.5439999999912 , 0.15009839287682322
1743.1329999999912 , 0.15009839287681973
1744.721999999991 , 0.15009839287681656
1746.310999999991 , 0.15009839287681367
1747.899999999991 , 0.15009839287681107
1749.488999999991 , 0.15009839287680868
1751.0779999999909 , 0.1500983928768065
1752.6669999999908 , 0.15009839287680452
1754.2559999999908 , 0.1500983928768027
1755.8449999999907 , 0.1500983928768011
1757.4339999999906 , 0.1500983928767996
1759.0229999999906 , 0.15009839287679827
1760.6119999999905 , 0.15009839287679702
1762.2009999999905 , 0.1500983928767959
1763.7899999999904 , 0.1500983928767949
1765.3789999999904 , 0.15009839287679397
1766.9679999999903 , 0.15009839287679314
1768.5569999999902 , 0.15009839287679239
1770.1459999999902 , 0.15009839287679166
1771.7349999999901 , 0.15009839287679105
1773.32399999999 , 0.1500983928767905
1774.91299999999 , 0.15009839287678997
1776.50199999999 , 0.1500983928767895
1778.09099999999 , 0.15009839287678906
1779.6799999999898 , 0.15009839287678867
1781.2689999999898 , 0.1500983928767883
1782.8579999999897 , 0.15009839287678797
1784.4469999999897 , 0.15009839287678767
1786.0359999999896 , 0.1500983928767874
1787.6249999999895 , 0.15009839287678714
1789.2139999999895 , 0.15009839287678692
1790.8029999999894 , 0.15009839287678672
1792.3919999999894 , 0.15009839287678653
1793.9809999999893 , 0.15009839287678636
1795.5699999999892 , 0.1500983928767862
1797.1589999999892 , 0.15009839287678609
1798.7479999999891 , 0.15009839287678595
1800.336999999989 , 0.15009839287678584
1801.925999999989 , 0.15009839287678572
1803.514999999989 , 0.15009839287678564
1805.103999999989 , 0.15009839287678559
1806.6929999999888 , 0.1500983928767855
1808.2819999999888 , 0.15009839287678542
1809.8709999999887 , 0.15009839287678536
1811.4599999999887 , 0.15009839287678534
1813.0489999999886 , 0.15009839287678528
1814.6379999999886 , 0.15009839287678522
1816.2269999999885 , 0.15009839287678517
1817.8159999999884 , 0.15009839287678511
1819.4049999999884 , 0.1500983928767851
1820.9939999999883 , 0.1500983928767851
1822.5829999999883 , 0.1500983928767851
1824.1719999999882 , 0.1500983928767851
1825.7609999999881 , 0.1500983928767851
1827.349999999988 , 0.1500983928767851
1828.938999999988 , 0.1500983928767851
1830.527999999988 , 0.1500983928767851
1832.116999999988 , 0.1500983928767851
1833.7059999999879 , 0.1500983928767851
1835.2949999999878 , 0.1500983928767851
1836.8839999999877 , 0.1500983928767851
1838.4729999999877 , 0.1500983928767851
1840.0619999999876 , 0.1500983928767851
1841.6509999999876 , 0.1500983928767851
1843.2399999999875 , 0.1500983928767851
1844.8289999999874 , 0.1500983928767851
1846.4179999999874 , 0.1500983928767851
1848.0069999999873 , 0.1500983928767851
1849.5959999999873 , 0.1500983928767851
1851.1849999999872 , 0.1500983928767851
1852.7739999999872 , 0.1500983928767851
1854.362999999987 , 0.1500983928767851
1855.951999999987 , 0.1500983928767851
1857.540999999987 , 0.1500983928767851
1859.129999999987 , 0.1500983928767851
1860.7189999999869 , 0.1500983928767851
1862.3079999999868 , 0.1500983928767851
1863.8969999999867 , 0.1500983928767851
1865.4859999999867 , 0.1500983928767851
1867.0749999999866 , 0.1500983928767851
1868.6639999999866 , 0.1500983928767851
1870.2529999999865 , 0.1500983928767851
1871.8419999999865 , 0.1500983928767851
1873.4309999999864 , 0.1500983928767851
1875.0199999999863 , 0.1500983928767851
1876.6089999999863 , 0.1500983928767851
1878.1979999999862 , 0.1500983928767851
1879.7869999999862 , 0.1500983928767851
1881.375999999986 , 0.1500983928767851
1882.964999999986 , 0.1500983928767851
1884.553999999986 , 0.1500983928767851
1886.142999999986 , 0.1500983928767851
1887.7319999999859 , 0.1500983928767851
1889.3209999999858 , 0.1500983928767851
1890.9099999999858 , 0.1500983928767851
1892.4989999999857 , 0.1500983928767851
1894.0879999999856 , 0.1500983928767851
1895.6769999999856 , 0.1500983928767851
1897.2659999999855 , 0.1500983928767851
1898.8549999999855 , 0.1500983928767851
1900.4439999999854 , 0.1500983928767851
1902.0329999999853 , 0.1500983928767851
1903.6219999999853 , 0.1500983928767851
1905.2109999999852 , 0.1500983928767851
1906.7999999999852 , 0.1500983928767851
1908.3889999999851 , 0.1500983928767851
1909.977999999985 , 0.1500983928767851
1911.566999999985 , 0.1500983928767851
1913.155999999985 , 0.1500983928767851
1914.7449999999849 , 0.1500983928767851
1916.3339999999848 , 0.1500983928767851
1917.9229999999848 , 0.1500983928767851
1919.5119999999847 , 0.1500983928767851
1921.1009999999847 , 0.1500983928767851
1922.6899999999846 , 0.1500983928767851
1924.2789999999845 , 0.1500983928767851
1925.8679999999845 , 0.1500983928767851
1927.4569999999844 , 0.1500983928767851
1929.0459999999844 , 0.1500983928767851
1930.6349999999843 , 0.1500983928767851
1932.2239999999842 , 0.1500983928767851
1933.8129999999842 , 0.1500983928767851
1935.4019999999841 , 0.1500983928767851
1936.990999999984 , 0.1500983928767851
1938.579999999984 , 0.1500983928767851
1940.168999999984 , 0.1500983928767851
1941.757999999984 , 0.1500983928767851
1943.3469999999838 , 0.1500983928767851
1944.9359999999838 , 0.1500983928767851
1946.5249999999837 , 0.1500983928767851
1948.1139999999837 , 0.1500983928767851
1949.7029999999836 , 0.1500983928767851
1951.2919999999835 , 0.1500983928767851
1952.8809999999835 , 0.1500983928767851
1954.4699999999834 , 0.1500983928767851
1956.0589999999834 , 0.1500983928767851
1957.6479999999833 , 0.1500983928767851
1959.2369999999833 , 0.1500983928767851
1960.8259999999832 , 0.1500983928767851
1962.4149999999831 , 0.1500983928767851
1964.003999999983 , 0.1500983928767851
1965.592999999983 , 0.1500983928767851
1967.181999999983 , 0.1500983928767851
1968.770999999983 , 0.1500983928767851
1970.3599999999828 , 0.1500983928767851
1971.9489999999828 , 0.1500983928767851
1973.5379999999827 , 0.1500983928767851
1975.1269999999827 , 0.1500983928767851
1976.7159999999826 , 0.1500983928767851
1978.3049999999826 , 0.1500983928767851
1979.8939999999825 , 0.1500983928767851
1981.4829999999824 , 0.1500983928767851
1983.0719999999824 , 0.1500983928767851
1984.6609999999823 , 0.1500983928767851
1986.2499999999823 , 0.1500983928767851
1987.8389999999822 , 0.1500983928767851
1989.4279999999821 , 0.1500983928767851
1991.016999999982 , 0.1500983928767851
1992.605999999982 , 0.1500983928767851
1994.194999999982 , 0.1500983928767851
1995.783999999982 , 0.1500983928767851
1997.3729999999819 , 0.1500983928767851
1998.9619999999818 , 0.1500983928767851
