0.0 , 1.0000000000000002
1.589 , 0.9598862134595408
3.178 , 0.9288327688688757
4.7669999999999995 , 0.9040491723438023
6.356 , 0.8837856347329056
7.945 , 0.8668899294352709
9.534 , 0.8525724305125506
11.123000000000001 , 0.8402737808903794
12.712000000000002 , 0.8295865316536979
14.301000000000002 , 0.8202067385050181
15.890000000000002 , 0.8119029650706062
17.479000000000003 , 0.8044958058505081
19.068 , 0.7978439867485249
20.657 , 0.7918347027947382
22.246 , 0.7863767580657367
23.834999999999997 , 0.7813956026063281
25.423999999999996 , 0.7768296806451697
27.012999999999995 , 0.7726277024379017
28.601999999999993 , 0.7687465778088697
30.190999999999992 , 0.7651498311106281
31.77999999999999 , 0.7618063714125646
33.36899999999999 , 0.7586895281883553
34.95799999999999 , 0.7557762878345833
36.54699999999999 , 0.7530466837194166
38.13599999999999 , 0.7504833048652179
39.72499999999999 , 0.7480708970833998
41.313999999999986 , 0.7457960368678418
42.902999999999984 , 0.7436468629559153
44.49199999999998 , 0.7416128539749455
46.08099999999998 , 0.7396846431833825
47.66999999999998 , 0.7378538632415657
49.25899999999998 , 0.7361130154880675
50.84799999999998 , 0.7344553592981219
52.436999999999976 , 0.7328748180071154
54.025999999999975 , 0.7313658985658249
55.614999999999974 , 0.7299236226457452
57.20399999999997 , 0.7285434673108357
58.79299999999997 , 0.7272213137587786
60.38199999999997 , 0.7259534028590203
61.97099999999997 , 0.7247362964615266
63.55999999999997 , 0.7235668436185262
65.14899999999997 , 0.7224421510016853
66.73799999999997 , 0.7213595569222419
68.32699999999997 , 0.7203166084429644
69.91599999999997 , 0.7193110411662291
71.50499999999997 , 0.718340761336003
73.09399999999997 , 0.7174038299499506
74.68299999999996 , 0.7164984486222842
76.27199999999996 , 0.7156229469771616
77.86099999999996 , 0.714775771374532
79.44999999999996 , 0.713955474821033
81.03899999999996 , 0.7131607079085248
82.62799999999996 , 0.7123902106697415
84.21699999999996 , 0.7116428052282855
85.80599999999995 , 0.7109173891811141
87.39499999999995 , 0.7102129296040885
88.98399999999995 , 0.7095284576230219
90.57299999999995 , 0.7088630634907213
92.16199999999995 , 0.7082158921105856
93.75099999999995 , 0.7075861389705128
95.33999999999995 , 0.7069730464218567
96.92899999999995 , 0.7063759002938371
98.51799999999994 , 0.7057940267945951
100.10699999999994 , 0.7052267896840055
101.69599999999994 , 0.7046735876626695
103.28499999999994 , 0.704133851994352
104.87399999999994 , 0.7036070443118526
106.46299999999994 , 0.7030926546074996
108.05199999999994 , 0.7025901993633298
109.64099999999993 , 0.7020992198504439
111.22999999999993 , 0.7016192805397065
112.81899999999993 , 0.7011499676527612
114.40799999999993 , 0.7006908877994881
115.99699999999993 , 0.700241666730435
117.58599999999993 , 0.6998019481767771
119.17499999999993 , 0.6993713927739883
120.76399999999992 , 0.698949677062176
122.35299999999992 , 0.6985364925567867
123.94199999999992 , 0.6981315448839651
125.53099999999992 , 0.6977345529753436
127.11999999999992 , 0.6973452483175152
128.70899999999992 , 0.6969633742519505
130.29799999999992 , 0.6965886853213815
131.88699999999992 , 0.6962209466590917
133.4759999999999 , 0.6958599334178667
135.0649999999999 , 0.695505430235629
136.6539999999999 , 0.6951572307349662
138.2429999999999 , 0.6948151370541584
139.8319999999999 , 0.694478959412079
141.4209999999999 , 0.6941485156763532
143.0099999999999 , 0.6938236310044193
144.5989999999999 , 0.6935041374599762
146.1879999999999 , 0.6931898736749246
147.7769999999999 , 0.692880684528032
149.3659999999999 , 0.6925764208403806
150.9549999999999 , 0.6922769390897416
152.5439999999999 , 0.6919821011410173
154.1329999999999 , 0.6916917739919622
155.7219999999999 , 0.6914058295332103
157.3109999999999 , 0.691124144321608
158.8999999999999 , 0.6908465993660982
160.4889999999999 , 0.690573079925288
162.0779999999999 , 0.6903034753159268
163.6669999999999 , 0.6900376787316914
165.2559999999999 , 0.6897755870716242
166.84499999999989 , 0.6895171007775384
168.43399999999988 , 0.6892621236799198
170.02299999999988 , 0.6890105628518243
171.61199999999988 , 0.6887623284702733
173.20099999999988 , 0.6885173336846455
174.78999999999988 , 0.6882754944917271
176.37899999999988 , 0.6880367296169657
177.96799999999988 , 0.687800960401658
179.55699999999987 , 0.6875681106956328
181.14599999999987 , 0.6873381067551814
182.73499999999987 , 0.6871108771458877
184.32399999999987 , 0.6868863526501156
185.91299999999987 , 0.6866644661789197
187.50199999999987 , 0.6864451526880543
189.09099999999987 , 0.6862283490979454
190.67999999999986 , 0.6860139942173473
192.26899999999986 , 0.6858020286705145
193.85799999999986 , 0.685592394827683
195.44699999999986 , 0.6853850367387241
197.03599999999986 , 0.6851799000697332
198.62499999999986 , 0.6849769320424877
200.21399999999986 , 0.6847760813765218
201.80299999999986 , 0.6845772982338019
203.39199999999985 , 0.6843805341657861
204.98099999999985 , 0.6841857420627131
206.56999999999985 , 0.6839928761051653
208.15899999999985 , 0.6838018917176067
209.74799999999985 , 0.6836127455239258
211.33699999999985 , 0.6834253953048116
212.92599999999985 , 0.6832397999569241
214.51499999999984 , 0.6830559194537205
216.10399999999984 , 0.682873714807939
217.69299999999984 , 0.6826931480355316
219.28199999999984 , 0.6825141821211118
220.87099999999984 , 0.6823367809847479
222.45999999999984 , 0.6821609094501148
224.04899999999984 , 0.6819865332138644
225.63799999999983 , 0.6818136188162227
227.22699999999983 , 0.6816421336126971
228.81599999999983 , 0.6814720457469086
230.40499999999983 , 0.6813033241244523
231.99399999999983 , 0.6811359383877452
233.58299999999983 , 0.6809698588918458
235.17199999999983 , 0.6808050566811241
236.76099999999983 , 0.6806415034668931
238.34999999999982 , 0.680479171605765
239.93899999999982 , 0.6803180340788757
241.52799999999982 , 0.6801580644718188
243.11699999999982 , 0.6799992369553345
244.70599999999982 , 0.6798415262666597
246.29499999999982 , 0.6796849076915923
247.88399999999982 , 0.6795293570471225
249.47299999999981 , 0.679374850664739
251.0619999999998 , 0.6792213653742446
252.6509999999998 , 0.6790688784882029
254.2399999999998 , 0.6789173677868791
255.8289999999998 , 0.6787668115036732
257.41799999999984 , 0.6786171883110939
259.00699999999983 , 0.6784684773071812
260.59599999999983 , 0.6783206580023516
262.18499999999983 , 0.6781737103067026
263.77399999999983 , 0.6780276145177587
265.36299999999983 , 0.6778823513085711
266.9519999999998 , 0.6777379017162023
268.5409999999998 , 0.6775942471305686
270.1299999999998 , 0.6774513692836933
271.7189999999998 , 0.6773092502392931
273.3079999999998 , 0.6771678723825483
274.8969999999998 , 0.6770272184103944
276.4859999999998 , 0.6768872713219316
278.0749999999998 , 0.6767480144092514
279.6639999999998 , 0.6766094312484724
281.2529999999998 , 0.6764715056910456
282.8419999999998 , 0.6763342218553398
284.4309999999998 , 0.6761975641184454
286.0199999999998 , 0.6760615171082345
287.6089999999998 , 0.6759260656956385
289.1979999999998 , 0.6757911949871388
290.7869999999998 , 0.6756568903174607
292.3759999999998 , 0.6755231372424807
293.9649999999998 , 0.6753899215323651
295.5539999999998 , 0.6752572291648031
297.1429999999998 , 0.6751250463184579
298.7319999999998 , 0.6749933593666941
300.3209999999998 , 0.6748621548712588
301.9099999999998 , 0.6747314195763126
303.4989999999998 , 0.6746011404025087
305.0879999999998 , 0.6744713044412954
306.6769999999998 , 0.6743418989492332
308.2659999999998 , 0.6742129113425979
309.8549999999998 , 0.674084329192003
311.4439999999998 , 0.6739561402172309
313.0329999999998 , 0.6738283322820728
314.6219999999998 , 0.6737008933894096
316.2109999999998 , 0.6735738116763266
317.7999999999998 , 0.6734470754093561
319.3889999999998 , 0.6733206729798094
320.9779999999998 , 0.6731945928992127
322.5669999999998 , 0.67306882379485
324.1559999999998 , 0.6729433544053777
325.7449999999998 , 0.6728181735765595
327.3339999999998 , 0.672693270257003
328.9229999999998 , 0.6725686334940599
330.5119999999998 , 0.6724442524298055
332.1009999999998 , 0.6723201162969804
333.68999999999977 , 0.672196214415111
335.27899999999977 , 0.6720725361866969
336.86799999999977 , 0.6719490710933466
338.45699999999977 , 0.6718258086921
340.04599999999976 , 0.6717027386117695
341.63499999999976 , 0.6715798505492683
343.22399999999976 , 0.6714571342660853
344.81299999999976 , 0.6713345795847628
346.40199999999976 , 0.6712121763854098
347.99099999999976 , 0.6710899146022627
349.57999999999976 , 0.6709677842203257
351.16899999999976 , 0.6708457752719731
352.75799999999975 , 0.6707238778336803
354.34699999999975 , 0.6706020820227105
355.93599999999975 , 0.6704803779938662
357.52499999999975 , 0.6703587559362821
359.11399999999975 , 0.6702372060701702
360.70299999999975 , 0.6701157186437225
362.29199999999975 , 0.6699942839299012
363.88099999999974 , 0.6698728922233139
365.46999999999974 , 0.669751533837124
367.05899999999974 , 0.6696301990998867
368.64799999999974 , 0.6695088783525361
370.23699999999974 , 0.6693875619452513
371.82599999999974 , 0.6692662402344338
373.41499999999974 , 0.6691449035795827
375.00399999999973 , 0.6690235423402704
376.59299999999973 , 0.668902146873107
378.18199999999973 , 0.6687807075286548
379.77099999999973 , 0.6686592146483622
381.35999999999973 , 0.6685376585615532
382.9489999999997 , 0.668416029582316
384.5379999999997 , 0.6682943180064298
386.1269999999997 , 0.6681725141078826
387.7159999999997 , 0.6680506081370102
389.3049999999997 , 0.6679285903161711
390.8939999999997 , 0.6678064508369811
392.4829999999997 , 0.6676841798572059
394.0719999999997 , 0.6675617674976277
395.6609999999997 , 0.6674392038387669
397.2499999999997 , 0.6673164789177699
398.8389999999997 , 0.6671935827250879
400.4279999999997 , 0.6670705052012855
402.0169999999997 , 0.6669472362336938
403.6059999999997 , 0.6668237656530595
405.1949999999997 , 0.6667000832302498
406.7839999999997 , 0.6665761786727861
408.3729999999997 , 0.6664520416213892
409.9619999999997 , 0.6663276616465645
411.5509999999997 , 0.6662030282449877
413.1399999999997 , 0.6660781308359512
414.7289999999997 , 0.6659529587577119
416.3179999999997 , 0.6658275012638373
417.9069999999997 , 0.665701747519415
419.4959999999997 , 0.6655756865972956
421.0849999999997 , 0.665449307474194
422.6739999999997 , 0.6653225990267848
424.2629999999997 , 0.6651955500276501
425.8519999999997 , 0.6650681491412689
427.4409999999997 , 0.6649403849198484
429.0299999999997 , 0.6648122457990893
430.6189999999997 , 0.6646837200939212
432.2079999999997 , 0.6645547959940762
433.7969999999997 , 0.6644254615596168
435.3859999999997 , 0.6642957047164064
436.9749999999997 , 0.6641655132513997
438.5639999999997 , 0.6640348748079227
440.1529999999997 , 0.6639037768807632
441.7419999999997 , 0.6637722068112571
443.3309999999997 , 0.6636401517821566
444.9199999999997 , 0.6635075988124389
446.5089999999997 , 0.6633745347520114
448.0979999999997 , 0.6632409462762509
449.68699999999967 , 0.6631068198804203
451.27599999999967 , 0.6629721418739427
452.86499999999967 , 0.6628368983745891
454.45399999999967 , 0.6627010753024588
456.04299999999967 , 0.66256465837382
457.63199999999966 , 0.6624276330948259
459.22099999999966 , 0.6622899847550116
460.80999999999966 , 0.6621516984206778
462.39899999999966 , 0.6620127589280873
463.98799999999966 , 0.6618731508764009
465.57699999999966 , 0.6617328586205323
467.16599999999966 , 0.6615918662638017
468.75499999999965 , 0.661450157650242
470.34399999999965 , 0.6613077163568601
471.93299999999965 , 0.6611645256856117
473.52199999999965 , 0.661020568655092
475.11099999999965 , 0.660875827992108
476.69999999999965 , 0.6607302861228777
478.28899999999965 , 0.6605839251640463
479.87799999999964 , 0.6604367269134515
481.46699999999964 , 0.6602886728405108
483.05599999999964 , 0.6601397440764454
484.64499999999964 , 0.6599899214041329
486.23399999999964 , 0.6598391852476646
487.82299999999964 , 0.6596875156615475
489.41199999999964 , 0.65953489231963
491.00099999999964 , 0.6593812945036395
492.58999999999963 , 0.6592267010913828
494.17899999999963 , 0.6590710905445042
495.76799999999963 , 0.6589144408959402
497.35699999999963 , 0.6587567297369002
498.94599999999963 , 0.6585979342034662
500.5349999999996 , 0.658438030962692
502.1239999999996 , 0.6582769961983156
503.7129999999996 , 0.6581148055974583
505.3019999999996 , 0.6579514343307895
506.8909999999996 , 0.6577868570411697
508.4799999999996 , 0.6576210478258869
510.0689999999996 , 0.6574539802196477
511.6579999999996 , 0.657285627177151
513.2469999999996 , 0.6571159610548648
514.8359999999997 , 0.6569449535923393
516.4249999999997 , 0.6567725758927352
518.0139999999998 , 0.656598798402696
519.6029999999998 , 0.6564235908916191
521.1919999999999 , 0.6562469224299521
522.781 , 0.656068761366848
524.37 , 0.6558890753069738
525.9590000000001 , 0.6557078310864948
527.5480000000001 , 0.6555249947480287
529.1370000000002 , 0.6553405315148977
530.7260000000002 , 0.6551544057642339
532.3150000000003 , 0.6549665809990832
533.9040000000003 , 0.6547770198194662
535.4930000000004 , 0.6545856838924156
537.0820000000004 , 0.6543925339207114
538.6710000000005 , 0.65419752961048
540.2600000000006 , 0.6540006296375239
541.8490000000006 , 0.6538017916122998
543.4380000000007 , 0.6536009720435494
545.0270000000007 , 0.653398126300368
546.6160000000008 , 0.6531932085728708
548.2050000000008 , 0.652986171831212
549.7940000000009 , 0.6527769677829274
551.383000000001 , 0.6525655468285315
552.972000000001 , 0.6523518580152633
554.5610000000011 , 0.6521358489888931
556.1500000000011 , 0.6519174659436492
557.7390000000012 , 0.6516966535697487
559.3280000000012 , 0.6514733549989642
560.9170000000013 , 0.6512475117476794
562.5060000000013 , 0.6510190636576938
564.0950000000014 , 0.6507879488341677
565.6840000000014 , 0.650554103581053
567.2730000000015 , 0.6503174623336732
568.8620000000016 , 0.6500779575882804
570.4510000000016 , 0.6498355198283862
572.0400000000017 , 0.6495900774478308
573.6290000000017 , 0.6493415566704669
575.2180000000018 , 0.6490898814660094
576.8070000000018 , 0.6488349734620492
578.3960000000019 , 0.648576751852091
579.985000000002 , 0.6483151332991808
581.574000000002 , 0.6480500318350542
583.1630000000021 , 0.6477813587544974
584.7520000000021 , 0.6475090225045889
586.3410000000022 , 0.6472329285687523
587.9300000000022 , 0.6469529793450483
589.5190000000023 , 0.6466690740185903
591.1080000000023 , 0.6463811084276773
592.6970000000024 , 0.6460889749232174
594.2860000000024 , 0.6457925622211905
595.8750000000025 , 0.6454917552476654
597.4640000000026 , 0.6451864349758817
599.0530000000026 , 0.6448764782550378
600.6420000000027 , 0.644561757630208
602.2310000000027 , 0.6442421411529419
603.8200000000028 , 0.6439174921818382
605.4090000000028 , 0.6435876691726301
606.9980000000029 , 0.6432525254570598
608.587000000003 , 0.6429119090098556
610.176000000003 , 0.6425656622030641
611.765000000003 , 0.6422136215469914
613.3540000000031 , 0.6418556174167473
614.9430000000032 , 0.6414914737637849
616.5320000000032 , 0.6411210078110654
618.1210000000033 , 0.6407440297310422
619.7100000000033 , 0.6403603423052188
621.2990000000034 , 0.6399697405643556
622.8880000000034 , 0.6395720114074803
624.4770000000035 , 0.6391669331987012
626.0660000000036 , 0.6387542753402208
627.6550000000036 , 0.6383337978199606
629.2440000000037 , 0.6379052507317609
630.8330000000037 , 0.6374683737666454
632.4220000000038 , 0.6370228956728913
634.0110000000038 , 0.6365685336826457
635.6000000000039 , 0.6361049929029126
637.189000000004 , 0.6356319656680052
638.778000000004 , 0.6351491308510375
640.367000000004 , 0.634656153131109
641.9560000000041 , 0.6341526822131422
643.5450000000042 , 0.6336383519966713
645.1340000000042 , 0.6331127796898075
646.7230000000043 , 0.6325755648658846
648.3120000000043 , 0.6320262884494855
649.9010000000044 , 0.6314645116446229
651.4900000000044 , 0.6308897747819809
653.0790000000045 , 0.6303015960880822
654.6680000000046 , 0.6296994703684545
656.2570000000046 , 0.6290828675978285
657.8460000000047 , 0.6284512314097622
659.4350000000047 , 0.6278039774773968
661.0240000000048 , 0.6271404917764546
662.6130000000048 , 0.6264601287205364
664.2020000000049 , 0.6257622091580076
665.7910000000049 , 0.625046018218777
667.380000000005 , 0.6243108029964632
668.969000000005 , 0.6235557700586652
670.5580000000051 , 0.6227800827632248
672.1470000000052 , 0.621982858346464
673.7360000000052 , 0.6211631648147685
675.3250000000053 , 0.6203200175664013
676.9140000000053 , 0.6194523757479233
678.5030000000054 , 0.6185591383125811
680.0920000000054 , 0.6176391397578822
681.6810000000055 , 0.6166911455046926
683.2700000000056 , 0.6157138469034065
684.8590000000056 , 0.6147058558030695
686.4480000000057 , 0.6136656986534775
688.0370000000057 , 0.612591810127339
689.6260000000058 , 0.6114825261570509
691.2150000000058 , 0.610336076382173
692.8040000000059 , 0.6091505759202651
694.3930000000059 , 0.6079240164080363
695.982000000006 , 0.6066542562365272
697.571000000006 , 0.6053390099015983
699.1600000000061 , 0.6039758363890116
700.7490000000062 , 0.6025621264905101
702.3380000000062 , 0.6010950889558483
703.9270000000063 , 0.5995717353530107
705.5160000000063 , 0.5979888635314474
707.1050000000064 , 0.5963430395375949
708.6940000000064 , 0.5946305778436205
710.2830000000065 , 0.5928475197299969
711.8720000000066 , 0.5909896096559658
713.4610000000066 , 0.589052269438286
715.0500000000067 , 0.5870305700528577
716.6390000000067 , 0.5849192008677402
718.2280000000068 , 0.5827124361148657
719.8170000000068 , 0.5804040984127592
721.4060000000069 , 0.5779875191666859
722.9950000000069 , 0.5754554956991529
724.584000000007 , 0.5728002450074241
726.173000000007 , 0.5700133541129906
727.7620000000071 , 0.5670857270670565
729.3510000000072 , 0.5640075288200744
730.9400000000072 , 0.5607681263630114
732.5290000000073 , 0.557356027828274
734.1180000000073 , 0.5537588206063739
735.7070000000074 , 0.5499631100517457
737.2960000000074 , 0.5459544610157692
738.8850000000075 , 0.5417173453352139
740.4740000000075 , 0.5372350995564039
742.0630000000076 , 0.5324898986613965
743.6520000000077 , 0.5274627534460337
745.2410000000077 , 0.5221335415538128
746.8300000000078 , 0.516481085046614
748.4190000000078 , 0.5104832908263189
750.0080000000079 , 0.5041173741459037
751.5970000000079 , 0.4973601897251204
753.186000000008 , 0.490188699230412
754.775000000008 , 0.48258060741110037
756.3640000000081 , 0.47451520090462485
757.9530000000082 , 0.4659744219243903
759.5420000000082 , 0.45694420134625174
761.1310000000083 , 0.44741605911236587
762.7200000000083 , 0.43738895107157744
764.3090000000084 , 0.4268712975195055
765.8980000000084 , 0.415883069281899
767.4870000000085 , 0.4044577355914904
769.0760000000085 , 0.39264380510557073
770.6650000000086 , 0.38050563631616385
772.2540000000087 , 0.3681231830708029
773.8430000000087 , 0.35559040278368076
775.4320000000088 , 0.34301220589282433
777.0210000000088 , 0.3305000561302024
778.6100000000089 , 0.3181665979594029
780.1990000000089 , 0.3061199165512671
781.788000000009 , 0.2944581490752334
783.377000000009 , 0.2832651168254722
784.9660000000091 , 0.2726074451299615
786.5550000000092 , 0.26253334640652126
788.1440000000092 , 0.25307295107360667
789.7330000000093 , 0.24423985763997583
791.3220000000093 , 0.2360334731745474
792.9110000000094 , 0.22844172132604387
794.5000000000094 , 0.2214437724110008
796.0890000000095 , 0.2150125576016189
797.6780000000095 , 0.20911693423751695
799.2670000000096 , 0.20372345328792393
800.8560000000097 , 0.1987977372390646
802.4450000000097 , 0.19430550951744646
804.0340000000098 , 0.19021333089898668
805.6230000000098 , 0.18648910056821305
807.2120000000099 , 0.18310237487707054
808.8010000000099 , 0.18002454914805333
810.39000000001 , 0.17722893941263693
811.97900000001 , 0.1746907930462918
813.5680000000101 , 0.172387250426808
815.1570000000102 , 0.1702972741566096
816.7460000000102 , 0.16840155798626355
818.3350000000103 , 0.1666824241940179
819.9240000000103 , 0.16512371562794093
821.5130000000104 , 0.16371068672599343
823.1020000000104 , 0.16242989644279246
824.6910000000105 , 0.16126910500595196
826.2800000000105 , 0.16021717570247865
827.8690000000106 , 0.15926398238222428
829.4580000000107 , 0.15840032300477894
831.0470000000107 , 0.15761783930668066
832.6360000000108 , 0.15690894249663212
834.2250000000108 , 0.156266744774996
835.8140000000109 , 0.15568499640367847
837.4030000000109 , 0.15515802801169257
838.992000000011 , 0.1546806978014191
840.581000000011 , 0.15424834331472478
842.1700000000111 , 0.15385673742188843
843.7590000000112 , 0.15350204820668967
845.3480000000112 , 0.1531808024355175
846.9370000000113 , 0.15288985231530863
848.5260000000113 , 0.15262634526383353
850.1150000000114 , 0.1523876964335857
851.7040000000114 , 0.15217156375064242
853.2930000000115 , 0.15197582524695388
854.8820000000115 , 0.15179855848243823
856.4710000000116 , 0.1516380218696987
858.0600000000117 , 0.1514926377297982
859.6490000000117 , 0.15136097692204584
861.2380000000118 , 0.1512417449042755
862.8270000000118 , 0.15113376909264867
864.4160000000119 , 0.1510359874015256
866.0050000000119 , 0.1509474378546078
867.594000000012 , 0.15086724916829697
869.183000000012 , 0.15079463221716352
870.7720000000121 , 0.15072887229959464
872.3610000000122 , 0.15066932212915693
873.9500000000122 , 0.15061539548403943
875.5390000000123 , 0.15056656145315275
877.1280000000123 , 0.15052233922311514
878.7170000000124 , 0.15048229335553032
880.3060000000124 , 0.15044602950862782
881.8950000000125 , 0.1504131905616226
883.4840000000125 , 0.1503834531040043
885.0730000000126 , 0.1503565242555054
886.6620000000127 , 0.15033213878568213
888.2510000000127 , 0.1503100565049509
889.8400000000128 , 0.1502900599015478
891.4290000000128 , 0.1502719520012816
893.0180000000129 , 0.15025555442910907
894.6070000000129 , 0.15024070565353292
896.196000000013 , 0.1502272593966032
897.785000000013 , 0.1502150831939203
899.3740000000131 , 0.15020405709050413
900.9630000000132 , 0.15019407245972868
902.5520000000132 , 0.15018503093371452
904.1410000000133 , 0.1501768434346705
905.7300000000133 , 0.15016942929766752
907.3190000000134 , 0.15016271547621687
908.9080000000134 , 0.1501566358228442
910.4970000000135 , 0.15015113043758058
912.0860000000135 , 0.15014614507796606
913.6750000000136 , 0.15014163062475652
915.2640000000137 , 0.1501375425980799
916.8530000000137 , 0.15013384071928002
918.4420000000138 , 0.15013048851413308
920.0310000000138 , 0.1501274529535343
921.6200000000139 , 0.15012470412811224
923.2090000000139 , 0.15012221495357678
924.798000000014 , 0.15011996090388957
926.387000000014 , 0.1501179197696349
927.9760000000141 , 0.15011607143921119
929.5650000000142 , 0.150114397700688
931.1540000000142 , 0.15011288206237464
932.7430000000143 , 0.15011150959033812
934.3320000000143 , 0.15011026676126574
935.9210000000144 , 0.15010914132922362
937.5100000000144 , 0.1501081222050043
939.0990000000145 , 0.15010719934686484
940.6880000000145 , 0.1501063636615872
942.2770000000146 , 0.15010560691488523
943.8660000000147 , 0.15010492165027187
945.4550000000147 , 0.1501043011155898
947.0440000000148 , 0.15010373919648298
948.6330000000148 , 0.1501032303561512
950.2220000000149 , 0.1501027695807947
951.8110000000149 , 0.15010235233021343
953.400000000015 , 0.15010197449307225
954.989000000015 , 0.15010163234638832
956.5780000000151 , 0.15010132251884958
958.1670000000152 , 0.15010104195759724
959.7560000000152 , 0.15010078789814407
961.3450000000153 , 0.1501005578371342
962.9340000000153 , 0.15010034950767842
964.5230000000154 , 0.15010016085701736
966.1120000000154 , 0.15009999002629415
967.7010000000155 , 0.1500998353322386
969.2900000000155 , 0.1500996952505832
970.8790000000156 , 0.1500995684010405
972.4680000000156 , 0.1500994535337066
974.0570000000157 , 0.15009934951674306
975.6460000000158 , 0.1500992553252234
977.2350000000158 , 0.15009917003103646
978.8240000000159 , 0.15009909279374092
980.4130000000159 , 0.1500990228522826
982.002000000016 , 0.15009895951749636
983.591000000016 , 0.1500989021653166
985.1800000000161 , 0.15009885023062527
986.7690000000161 , 0.15009880320168761
988.3580000000162 , 0.15009876061510513
989.9470000000163 , 0.15009872205125283
991.5360000000163 , 0.15009868713014402
993.1250000000164 , 0.1500986555076851
994.7140000000164 , 0.15009862687228476
996.3030000000165 , 0.150098600941786
997.8920000000165 , 0.15009857746068345
999.4810000000166 , 0.15009855619760748
1001.0700000000166 , 0.1500985369430425
1002.6590000000167 , 0.1500985195072644
1004.2480000000168 , 0.15009850371847103
1005.8370000000168 , 0.15009848942108805
1007.4260000000169 , 0.1500984764742369
1009.0150000000169 , 0.15009846475034586
1010.604000000017 , 0.15009845413389455
1012.193000000017 , 0.15009844452027368
1013.7820000000171 , 0.15009843581475568
1015.3710000000171 , 0.15009842793156164
1016.9600000000172 , 0.15009842079301436
1018.5490000000173 , 0.15009841432877505
1020.1380000000173 , 0.15009840847514808
1021.7270000000174 , 0.15009840317445514
1023.3160000000174 , 0.1500983983744661
1024.9050000000175 , 0.15009839402788466
1026.4940000000174 , 0.15009839009188125
1028.0830000000174 , 0.1500983865276731
1029.6720000000173 , 0.15009838330013978
1031.2610000000172 , 0.1500983803774794
1032.8500000000172 , 0.15009837773089404
1034.4390000000171 , 0.15009837533430506
1036.028000000017 , 0.15009837316409846
1037.617000000017 , 0.15009837119888933
1039.206000000017 , 0.1500983694193142
1040.795000000017 , 0.1500983678078378
1042.3840000000168 , 0.15009836634858184
1043.9730000000168 , 0.15009836502716717
1045.5620000000167 , 0.1500983638305733
1047.1510000000167 , 0.1500983627470096
1048.7400000000166 , 0.15009836176579952
1050.3290000000165 , 0.1500983608772918
1051.9180000000165 , 0.15009836007271266
1053.5070000000164 , 0.15009835934413399
1055.0960000000164 , 0.1500983586843769
1056.6850000000163 , 0.15009835808694075
1058.2740000000163 , 0.1500983575459384
1059.8630000000162 , 0.15009835705603902
1061.4520000000161 , 0.15009835661241566
1063.041000000016 , 0.15009835621069698
1064.630000000016 , 0.15009835584692469
1066.219000000016 , 0.15009835551751446
1067.808000000016 , 0.15009835521922027
1069.3970000000159 , 0.150098354949103
1070.9860000000158 , 0.15009835470450095
1072.5750000000157 , 0.15009835448300407
1074.1640000000157 , 0.15009835428242987
1075.7530000000156 , 0.15009835410080188
1077.3420000000156 , 0.15009835393633053
1078.9310000000155 , 0.15009835378739517
1080.5200000000154 , 0.15009835365252822
1082.1090000000154 , 0.15009835353040077
1083.6980000000153 , 0.15009835341980957
1085.2870000000153 , 0.15009835331966476
1086.8760000000152 , 0.15009835322897963
1088.4650000000152 , 0.15009835314686068
1090.054000000015 , 0.15009835307249866
1091.643000000015 , 0.1500983530051609
1093.232000000015 , 0.15009835294418383
1094.821000000015 , 0.15009835288896675
1096.4100000000149 , 0.15009835283896547
1097.9990000000148 , 0.15009835279368738
1099.5880000000147 , 0.15009835275268632
1101.1770000000147 , 0.15009835271555813
1102.7660000000146 , 0.15009835268193716
1104.3550000000146 , 0.15009835265149193
1105.9440000000145 , 0.1500983526239226
1107.5330000000145 , 0.15009835259895746
1109.1220000000144 , 0.15009835257635049
1110.7110000000143 , 0.15009835255587897
1112.3000000000143 , 0.1500983525373412
1113.8890000000142 , 0.1500983525205546
1115.4780000000142 , 0.1500983525053536
1117.067000000014 , 0.15009835249158865
1118.656000000014 , 0.15009835247912381
1120.245000000014 , 0.15009835246783648
1121.834000000014 , 0.15009835245761527
1123.4230000000139 , 0.15009835244835953
1125.0120000000138 , 0.15009835243997827
1126.6010000000138 , 0.1500983524323887
1128.1900000000137 , 0.15009835242551609
1129.7790000000136 , 0.15009835241929262
1131.3680000000136 , 0.15009835241365702
1132.9570000000135 , 0.1500983524085538
1134.5460000000135 , 0.1500983524039326
1136.1350000000134 , 0.15009835239974786
1137.7240000000133 , 0.15009835239595845
1139.3130000000133 , 0.15009835239252714
1140.9020000000132 , 0.1500983523894199
1142.4910000000132 , 0.15009835238660613
1144.0800000000131 , 0.15009835238405814
1145.669000000013 , 0.1500983523817508
1147.258000000013 , 0.15009835237966151
1148.847000000013 , 0.15009835237776967
1150.4360000000129 , 0.15009835237605637
1152.0250000000128 , 0.1500983523745049
1153.6140000000128 , 0.1500983523731
1155.2030000000127 , 0.15009835237182786
1156.7920000000126 , 0.15009835237067595
1158.3810000000126 , 0.15009835236963293
1159.9700000000125 , 0.1500983523686883
1161.5590000000125 , 0.15009835236783295
1163.1480000000124 , 0.15009835236705846
1164.7370000000124 , 0.15009835236635707
1166.3260000000123 , 0.15009835236572208
1167.9150000000122 , 0.15009835236514693
1169.5040000000122 , 0.1500983523646262
1171.0930000000121 , 0.1500983523641547
1172.682000000012 , 0.15009835236372776
1174.271000000012 , 0.1500983523633411
1175.860000000012 , 0.15009835236299093
1177.449000000012 , 0.15009835236267388
1179.0380000000118 , 0.15009835236238672
1180.6270000000118 , 0.1500983523621268
1182.2160000000117 , 0.15009835236189134
1183.8050000000117 , 0.15009835236167818
1185.3940000000116 , 0.1500983523614852
1186.9830000000115 , 0.15009835236131042
1188.5720000000115 , 0.1500983523611522
1190.1610000000114 , 0.1500983523610089
1191.7500000000114 , 0.15009835236087923
1193.3390000000113 , 0.1500983523607618
1194.9280000000113 , 0.1500983523606553
1196.5170000000112 , 0.15009835236055902
1198.1060000000111 , 0.15009835236047173
1199.695000000011 , 0.15009835236039284
1201.284000000011 , 0.15009835236032132
1202.873000000011 , 0.15009835236025668
1204.462000000011 , 0.15009835236019803
1206.0510000000108 , 0.1500983523601449
1207.6400000000108 , 0.15009835236009691
1209.2290000000107 , 0.15009835236005342
1210.8180000000107 , 0.15009835236001406
1212.4070000000106 , 0.15009835235997848
1213.9960000000106 , 0.15009835235994623
1215.5850000000105 , 0.15009835235991706
1217.1740000000104 , 0.1500983523598906
1218.7630000000104 , 0.15009835235986668
1220.3520000000103 , 0.15009835235984503
1221.9410000000103 , 0.1500983523598253
1223.5300000000102 , 0.15009835235980756
1225.1190000000101 , 0.15009835235979144
1226.70800000001 , 0.15009835235977692
1228.29700000001 , 0.15009835235976365
1229.88600000001 , 0.15009835235975186
1231.47500000001 , 0.15009835235974103
1233.0640000000099 , 0.1500983523597313
1234.6530000000098 , 0.1500983523597226
1236.2420000000097 , 0.15009835235971464
1237.8310000000097 , 0.15009835235970742
1239.4200000000096 , 0.15009835235970095
1241.0090000000096 , 0.15009835235969501
1242.5980000000095 , 0.1500983523596897
1244.1870000000094 , 0.1500983523596848
1245.7760000000094 , 0.15009835235968041
1247.3650000000093 , 0.15009835235967647
1248.9540000000093 , 0.15009835235967303
1250.5430000000092 , 0.1500983523596699
1252.1320000000092 , 0.15009835235966698
1253.721000000009 , 0.1500983523596644
1255.310000000009 , 0.15009835235966196
1256.899000000009 , 0.15009835235965993
1258.488000000009 , 0.15009835235965818
1260.0770000000089 , 0.15009835235965652
1261.6660000000088 , 0.1500983523596549
1263.2550000000087 , 0.15009835235965358
1264.8440000000087 , 0.15009835235965244
1266.4330000000086 , 0.1500983523596513
1268.0220000000086 , 0.15009835235965024
1269.6110000000085 , 0.15009835235964933
1271.2000000000085 , 0.15009835235964858
1272.7890000000084 , 0.15009835235964786
1274.3780000000083 , 0.15009835235964722
1275.9670000000083 , 0.15009835235964672
1277.5560000000082 , 0.15009835235964616
1279.1450000000082 , 0.15009835235964575
1280.734000000008 , 0.15009835235964536
1282.323000000008 , 0.15009835235964497
1283.912000000008 , 0.15009835235964455
1285.501000000008 , 0.1500983523596443
1287.0900000000079 , 0.1500983523596441
1288.6790000000078 , 0.15009835235964397
1290.2680000000078 , 0.15009835235964383
1291.8570000000077 , 0.15009835235964372
1293.4460000000076 , 0.15009835235964372
1295.0350000000076 , 0.15009835235964353
1296.6240000000075 , 0.15009835235964342
1298.2130000000075 , 0.15009835235964333
1299.8020000000074 , 0.15009835235964325
1301.3910000000074 , 0.15009835235964314
1302.9800000000073 , 0.15009835235964317
1304.5690000000072 , 0.15009835235964308
1306.1580000000072 , 0.15009835235964314
1307.7470000000071 , 0.15009835235964308
1309.336000000007 , 0.15009835235964303
1310.925000000007 , 0.15009835235964306
1312.514000000007 , 0.1500983523596431
1314.103000000007 , 0.1500983523596432
1315.6920000000068 , 0.15009835235964325
1317.2810000000068 , 0.1500983523596434
1318.8700000000067 , 0.15009835235964342
1320.4590000000067 , 0.1500983523596435
1322.0480000000066 , 0.15009835235964356
1323.6370000000065 , 0.15009835235964367
1325.2260000000065 , 0.15009835235964378
1326.8150000000064 , 0.15009835235964392
1328.4040000000064 , 0.15009835235964403
1329.9930000000063 , 0.15009835235964417
1331.5820000000062 , 0.15009835235964433
1333.1710000000062 , 0.15009835235964436
1334.7600000000061 , 0.15009835235964447
1336.349000000006 , 0.15009835235964447
1337.938000000006 , 0.15009835235964455
1339.527000000006 , 0.15009835235964464
1341.116000000006 , 0.15009835235964475
1342.7050000000058 , 0.15009835235964486
1344.2940000000058 , 0.15009835235964497
1345.8830000000057 , 0.15009835235964508
1347.4720000000057 , 0.1500983523596451
1349.0610000000056 , 0.15009835235964517
1350.6500000000055 , 0.15009835235964528
1352.2390000000055 , 0.15009835235964547
1353.8280000000054 , 0.15009835235964555
1355.4170000000054 , 0.15009835235964572
1357.0060000000053 , 0.1500983523596458
1358.5950000000053 , 0.15009835235964591
1360.1840000000052 , 0.15009835235964608
1361.7730000000051 , 0.15009835235964622
1363.362000000005 , 0.1500983523596464
1364.951000000005 , 0.1500983523596465
1366.540000000005 , 0.1500983523596466
1368.129000000005 , 0.15009835235964675
1369.7180000000048 , 0.1500983523596468
1371.3070000000048 , 0.15009835235964694
1372.8960000000047 , 0.15009835235964714
1374.4850000000047 , 0.1500983523596473
1376.0740000000046 , 0.15009835235964744
1377.6630000000046 , 0.15009835235964747
1379.2520000000045 , 0.15009835235964755
1380.8410000000044 , 0.1500983523596476
1382.4300000000044 , 0.15009835235964777
1384.0190000000043 , 0.1500983523596479
1385.6080000000043 , 0.15009835235964802
1387.1970000000042 , 0.15009835235964814
1388.7860000000042 , 0.15009835235964833
1390.375000000004 , 0.1500983523596484
1391.964000000004 , 0.1500983523596485
1393.553000000004 , 0.15009835235964866
1395.142000000004 , 0.15009835235964883
1396.7310000000039 , 0.15009835235964902
1398.3200000000038 , 0.15009835235964922
1399.9090000000037 , 0.15009835235964938
1401.4980000000037 , 0.15009835235964955
1403.0870000000036 , 0.15009835235964963
1404.6760000000036 , 0.15009835235964977
1406.2650000000035 , 0.15009835235964983
1407.8540000000035 , 0.15009835235964986
1409.4430000000034 , 0.15009835235965
1411.0320000000033 , 0.15009835235965005
1412.6210000000033 , 0.15009835235965016
1414.2100000000032 , 0.1500983523596502
1415.7990000000032 , 0.15009835235965033
1417.388000000003 , 0.15009835235965044
1418.977000000003 , 0.15009835235965052
1420.566000000003 , 0.1500983523596506
1422.155000000003 , 0.15009835235965072
1423.7440000000029 , 0.15009835235965086
1425.3330000000028 , 0.150098352359651
1426.9220000000028 , 0.15009835235965116
1428.5110000000027 , 0.1500983523596513
1430.1000000000026 , 0.15009835235965138
1431.6890000000026 , 0.1500983523596515
1433.2780000000025 , 0.15009835235965158
1434.8670000000025 , 0.15009835235965174
1436.4560000000024 , 0.1500983523596519
1438.0450000000023 , 0.15009835235965213
1439.6340000000023 , 0.15009835235965224
1441.2230000000022 , 0.1500983523596524
1442.8120000000022 , 0.1500983523596525
1444.401000000002 , 0.1500983523596526
1445.990000000002 , 0.15009835235965271
1447.579000000002 , 0.15009835235965285
1449.168000000002 , 0.150098352359653
1450.7570000000019 , 0.15009835235965313
1452.3460000000018 , 0.1500983523596533
1453.9350000000018 , 0.15009835235965352
1455.5240000000017 , 0.1500983523596537
1457.1130000000016 , 0.15009835235965385
1458.7020000000016 , 0.15009835235965394
1460.2910000000015 , 0.150098352359654
1461.8800000000015 , 0.1500983523596541
1463.4690000000014 , 0.15009835235965424
1465.0580000000014 , 0.15009835235965427
1466.6470000000013 , 0.15009835235965435
1468.2360000000012 , 0.1500983523596545
1469.8250000000012 , 0.15009835235965457
1471.4140000000011 , 0.1500983523596547
1473.003000000001 , 0.15009835235965485
1474.592000000001 , 0.15009835235965505
1476.181000000001 , 0.15009835235965524
1477.770000000001 , 0.1500983523596554
1479.3590000000008 , 0.15009835235965557
1480.9480000000008 , 0.1500983523596557
1482.5370000000007 , 0.15009835235965582
1484.1260000000007 , 0.1500983523596559
1485.7150000000006 , 0.150098352359656
1487.3040000000005 , 0.1500983523596561
1488.8930000000005 , 0.15009835235965624
1490.4820000000004 , 0.15009835235965627
1492.0710000000004 , 0.15009835235965643
1493.6600000000003 , 0.15009835235965654
1495.2490000000003 , 0.1500983523596567
1496.8380000000002 , 0.15009835235965682
1498.4270000000001 , 0.15009835235965702
1500.016 , 0.1500983523596571
1501.605 , 0.15009835235965724
1503.194 , 0.15009835235965738
1504.783 , 0.15009835235965746
1506.3719999999998 , 0.15009835235965757
1507.9609999999998 , 0.15009835235965774
1509.5499999999997 , 0.15009835235965793
1511.1389999999997 , 0.15009835235965804
1512.7279999999996 , 0.15009835235965818
1514.3169999999996 , 0.15009835235965832
1515.9059999999995 , 0.15009835235965854
1517.4949999999994 , 0.15009835235965874
1519.0839999999994 , 0.1500983523596589
1520.6729999999993 , 0.15009835235965902
1522.2619999999993 , 0.15009835235965918
1523.8509999999992 , 0.15009835235965927
1525.4399999999991 , 0.15009835235965946
1527.028999999999 , 0.15009835235965957
1528.617999999999 , 0.15009835235965968
1530.206999999999 , 0.15009835235965982
1531.795999999999 , 0.15009835235966001
1533.3849999999989 , 0.15009835235966015
1534.9739999999988 , 0.15009835235966032
1536.5629999999987 , 0.15009835235966054
1538.1519999999987 , 0.15009835235966065
1539.7409999999986 , 0.15009835235966074
1541.3299999999986 , 0.1500983523596608
1542.9189999999985 , 0.15009835235966096
1544.5079999999984 , 0.15009835235966112
1546.0969999999984 , 0.1500983523596613
1547.6859999999983 , 0.1500983523596614
1549.2749999999983 , 0.1500983523596615
1550.8639999999982 , 0.15009835235966165
1552.4529999999982 , 0.15009835235966185
1554.041999999998 , 0.150098352359662
1555.630999999998 , 0.1500983523596621
1557.219999999998 , 0.1500983523596621
1558.808999999998 , 0.1500983523596622
1560.3979999999979 , 0.15009835235966226
1561.9869999999978 , 0.15009835235966235
1563.5759999999977 , 0.15009835235966257
1565.1649999999977 , 0.1500983523596627
1566.7539999999976 , 0.15009835235966285
1568.3429999999976 , 0.15009835235966293
1569.9319999999975 , 0.15009835235966307
1571.5209999999975 , 0.1500983523596632
1573.1099999999974 , 0.1500983523596634
1574.6989999999973 , 0.1500983523596636
1576.2879999999973 , 0.15009835235966373
1577.8769999999972 , 0.15009835235966387
1579.4659999999972 , 0.150098352359664
1581.054999999997 , 0.15009835235966423
1582.643999999997 , 0.15009835235966434
1584.232999999997 , 0.15009835235966448
1585.821999999997 , 0.1500983523596646
1587.4109999999969 , 0.15009835235966476
1588.9999999999968 , 0.15009835235966487
1590.5889999999968 , 0.15009835235966515
1592.1779999999967 , 0.15009835235966526
1593.7669999999966 , 0.1500983523596654
1595.3559999999966 , 0.15009835235966548
1596.9449999999965 , 0.15009835235966565
1598.5339999999965 , 0.15009835235966587
1600.1229999999964 , 0.15009835235966598
1601.7119999999964 , 0.15009835235966607
1603.3009999999963 , 0.15009835235966615
1604.8899999999962 , 0.15009835235966634
1606.4789999999962 , 0.1500983523596665
1608.0679999999961 , 0.1500983523596667
1609.656999999996 , 0.15009835235966681
1611.245999999996 , 0.15009835235966698
1612.834999999996 , 0.1500983523596671
1614.4239999999959 , 0.15009835235966718
1616.0129999999958 , 0.1500983523596673
1617.6019999999958 , 0.15009835235966745
1619.1909999999957 , 0.15009835235966756
1620.7799999999957 , 0.15009835235966767
1622.3689999999956 , 0.15009835235966776
1623.9579999999955 , 0.15009835235966784
1625.5469999999955 , 0.15009835235966795
1627.1359999999954 , 0.15009835235966804
1628.7249999999954 , 0.15009835235966826
1630.3139999999953 , 0.15009835235966845
1631.9029999999952 , 0.15009835235966865
1633.4919999999952 , 0.15009835235966887
1635.0809999999951 , 0.1500983523596691
1636.669999999995 , 0.1500983523596693
1638.258999999995 , 0.1500983523596694
1639.847999999995 , 0.15009835235966953
1641.436999999995 , 0.1500983523596697
1643.0259999999948 , 0.15009835235966987
1644.6149999999948 , 0.1500983523596701
1646.2039999999947 , 0.1500983523596702
1647.7929999999947 , 0.1500983523596704
1649.3819999999946 , 0.1500983523596706
1650.9709999999945 , 0.15009835235967076
1652.5599999999945 , 0.15009835235967092
1654.1489999999944 , 0.15009835235967103
1655.7379999999944 , 0.15009835235967123
1657.3269999999943 , 0.15009835235967134
1658.9159999999943 , 0.15009835235967153
1660.5049999999942 , 0.15009835235967173
1662.0939999999941 , 0.1500983523596718
1663.682999999994 , 0.15009835235967198
1665.271999999994 , 0.15009835235967214
1666.860999999994 , 0.15009835235967237
1668.449999999994 , 0.15009835235967248
1670.0389999999938 , 0.15009835235967264
1671.6279999999938 , 0.15009835235967267
1673.2169999999937 , 0.15009835235967275
1674.8059999999937 , 0.15009835235967287
1676.3949999999936 , 0.15009835235967295
1677.9839999999936 , 0.1500983523596731
1679.5729999999935 , 0.15009835235967323
1681.1619999999934 , 0.15009835235967345
1682.7509999999934 , 0.15009835235967356
1684.3399999999933 , 0.15009835235967373
1685.9289999999933 , 0.15009835235967395
1687.5179999999932 , 0.15009835235967411
1689.1069999999931 , 0.15009835235967428
1690.695999999993 , 0.1500983523596744
1692.284999999993 , 0.15009835235967448
1693.873999999993 , 0.15009835235967456
1695.462999999993 , 0.15009835235967467
1697.0519999999929 , 0.1500983523596749
1698.6409999999928 , 0.15009835235967506
1700.2299999999927 , 0.1500983523596752
1701.8189999999927 , 0.1500983523596753
1703.4079999999926 , 0.1500983523596755
1704.9969999999926 , 0.15009835235967567
1706.5859999999925 , 0.15009835235967584
1708.1749999999925 , 0.15009835235967603
1709.7639999999924 , 0.1500983523596762
1711.3529999999923 , 0.15009835235967636
1712.9419999999923 , 0.15009835235967645
1714.5309999999922 , 0.1500983523596767
1716.1199999999922 , 0.15009835235967683
1717.708999999992 , 0.15009835235967692
1719.297999999992 , 0.15009835235967708
1720.886999999992 , 0.15009835235967728
1722.475999999992 , 0.1500983523596775
1724.0649999999919 , 0.15009835235967764
1725.6539999999918 , 0.1500983523596777
1727.2429999999918 , 0.1500983523596779
1728.8319999999917 , 0.15009835235967797
1730.4209999999916 , 0.15009835235967817
1732.0099999999916 , 0.1500983523596784
1733.5989999999915 , 0.1500983523596785
1735.1879999999915 , 0.15009835235967864
1736.7769999999914 , 0.15009835235967878
1738.3659999999913 , 0.150098352359679
1739.9549999999913 , 0.15009835235967914
1741.5439999999912 , 0.1500983523596792
1743.1329999999912 , 0.15009835235967928
1744.721999999991 , 0.15009835235967933
1746.310999999991 , 0.15009835235967942
1747.899999999991 , 0.15009835235967955
1749.488999999991 , 0.15009835235967975
1751.0779999999909 , 0.15009835235967994
1752.6669999999908 , 0.15009835235968008
1754.2559999999908 , 0.15009835235968036
1755.8449999999907 , 0.15009835235968058
1757.4339999999906 , 0.15009835235968075
1759.0229999999906 , 0.15009835235968091
1760.6119999999905 , 0.15009835235968108
1762.2009999999905 , 0.15009835235968125
1763.7899999999904 , 0.15009835235968147
1765.3789999999904 , 0.1500983523596816
1766.9679999999903 , 0.15009835235968175
1768.5569999999902 , 0.15009835235968189
1770.1459999999902 , 0.15009835235968208
1771.7349999999901 , 0.15009835235968227
1773.32399999999 , 0.15009835235968244
1774.91299999999 , 0.15009835235968255
1776.50199999999 , 0.1500983523596826
1778.09099999999 , 0.1500983523596828
1779.6799999999898 , 0.150098352359683
1781.2689999999898 , 0.15009835235968322
1782.8579999999897 , 0.1500983523596834
1784.4469999999897 , 0.15009835235968352
1786.0359999999896 , 0.15009835235968375
1787.6249999999895 , 0.150098352359684
1789.2139999999895 , 0.1500983523596841
1790.8029999999894 , 0.15009835235968425
1792.3919999999894 , 0.1500983523596845
1793.9809999999893 , 0.15009835235968463
1795.5699999999892 , 0.15009835235968483
1797.1589999999892 , 0.1500983523596849
1798.7479999999891 , 0.15009835235968505
1800.336999999989 , 0.1500983523596852
1801.925999999989 , 0.15009835235968533
1803.514999999989 , 0.15009835235968547
1805.103999999989 , 0.15009835235968563
1806.6929999999888 , 0.1500983523596858
1808.2819999999888 , 0.15009835235968602
1809.8709999999887 , 0.15009835235968616
1811.4599999999887 , 0.15009835235968633
1813.0489999999886 , 0.15009835235968647
1814.6379999999886 , 0.15009835235968658
1816.2269999999885 , 0.15009835235968677
1817.8159999999884 , 0.15009835235968688
1819.4049999999884 , 0.15009835235968705
1820.9939999999883 , 0.15009835235968721
1822.5829999999883 , 0.1500983523596874
1824.1719999999882 , 0.15009835235968755
1825.7609999999881 , 0.15009835235968774
1827.349999999988 , 0.1500983523596879
1828.938999999988 , 0.15009835235968816
1830.527999999988 , 0.15009835235968833
1832.116999999988 , 0.1500983523596885
1833.7059999999879 , 0.15009835235968869
1835.2949999999878 , 0.1500983523596888
1836.8839999999877 , 0.150098352359689
1838.4729999999877 , 0.1500983523596892
1840.0619999999876 , 0.15009835235968938
1841.6509999999876 , 0.1500983523596896
1843.2399999999875 , 0.15009835235968977
1844.8289999999874 , 0.15009835235968993
1846.4179999999874 , 0.15009835235969007
1848.0069999999873 , 0.15009835235969024
1849.5959999999873 , 0.15009835235969043
1851.1849999999872 , 0.15009835235969066
1852.7739999999872 , 0.15009835235969077
1854.362999999987 , 0.1500983523596909
1855.951999999987 , 0.15009835235969102
1857.540999999987 , 0.15009835235969116
1859.129999999987 , 0.15009835235969127
1860.7189999999869 , 0.15009835235969138
1862.3079999999868 , 0.1500983523596915
1863.8969999999867 , 0.15009835235969168
1865.4859999999867 , 0.15009835235969177
1867.0749999999866 , 0.150098352359692
1868.6639999999866 , 0.15009835235969224
1870.2529999999865 , 0.15009835235969243
1871.8419999999865 , 0.1500983523596926
1873.4309999999864 , 0.1500983523596928
1875.0199999999863 , 0.150098352359693
1876.6089999999863 , 0.1500983523596931
1878.1979999999862 , 0.15009835235969327
1879.7869999999862 , 0.1500983523596934
1881.375999999986 , 0.15009835235969363
1882.964999999986 , 0.1500983523596938
1884.553999999986 , 0.15009835235969396
1886.142999999986 , 0.1500983523596942
1887.7319999999859 , 0.15009835235969435
1889.3209999999858 , 0.15009835235969451
1890.9099999999858 , 0.15009835235969468
1892.4989999999857 , 0.15009835235969485
1894.0879999999856 , 0.15009835235969507
1895.6769999999856 , 0.15009835235969535
1897.2659999999855 , 0.15009835235969554
1898.8549999999855 , 0.15009835235969574
1900.4439999999854 , 0.15009835235969593
1902.0329999999853 , 0.15009835235969607
1903.6219999999853 , 0.1500983523596962
1905.2109999999852 , 0.1500983523596964
1906.7999999999852 , 0.15009835235969649
1908.3889999999851 , 0.15009835235969668
1909.977999999985 , 0.15009835235969685
1911.566999999985 , 0.15009835235969704
1913.155999999985 , 0.15009835235969715
1914.7449999999849 , 0.15009835235969726
1916.3339999999848 , 0.1500983523596974
1917.9229999999848 , 0.15009835235969754
1919.5119999999847 , 0.15009835235969773
1921.1009999999847 , 0.15009835235969787
1922.6899999999846 , 0.150098352359698
1924.2789999999845 , 0.15009835235969815
1925.8679999999845 , 0.15009835235969837
1927.4569999999844 , 0.15009835235969862
1929.0459999999844 , 0.15009835235969882
1930.6349999999843 , 0.150098352359699
1932.2239999999842 , 0.15009835235969923
1933.8129999999842 , 0.15009835235969937
1935.4019999999841 , 0.1500983523596995
1936.990999999984 , 0.15009835235969965
1938.579999999984 , 0.15009835235969984
1940.168999999984 , 0.15009835235970007
1941.757999999984 , 0.15009835235970026
1943.3469999999838 , 0.15009835235970043
1944.9359999999838 , 0.1500983523597006
1946.5249999999837 , 0.15009835235970082
1948.1139999999837 , 0.15009835235970095
1949.7029999999836 , 0.15009835235970115
1951.2919999999835 , 0.15009835235970137
1952.8809999999835 , 0.15009835235970145
1954.4699999999834 , 0.1500983523597017
1956.0589999999834 , 0.1500983523597019
1957.6479999999833 , 0.15009835235970212
1959.2369999999833 , 0.15009835235970231
1960.8259999999832 , 0.1500983523597025
1962.4149999999831 , 0.15009835235970267
1964.003999999983 , 0.15009835235970279
1965.592999999983 , 0.1500983523597029
1967.181999999983 , 0.15009835235970295
1968.770999999983 , 0.15009835235970315
1970.3599999999828 , 0.15009835235970334
1971.9489999999828 , 0.15009835235970354
1973.5379999999827 , 0.1500983523597037
1975.1269999999827 , 0.15009835235970384
1976.7159999999826 , 0.15009835235970398
1978.3049999999826 , 0.15009835235970412
1979.8939999999825 , 0.1500983523597043
1981.4829999999824 , 0.15009835235970445
1983.0719999999824 , 0.15009835235970462
1984.6609999999823 , 0.15009835235970484
1986.2499999999823 , 0.15009835235970506
1987.8389999999822 , 0.15009835235970526
1989.4279999999821 , 0.15009835235970545
1991.016999999982 , 0.15009835235970567
1992.605999999982 , 0.15009835235970587
1994.194999999982 , 0.15009835235970606
1995.783999999982 , 0.15009835235970626
1997.3729999999819 , 0.15009835235970642
1998.9619999999818 , 0.15009835235970664
2000.0 , 0.1500983538187361
